0 0.6984625743463135
1 0.5666507405637841
2 0.4253164827645197
3 0.583941605839416
4 0
5 0
6 0
7 0.38181818181818183
8 0
9 0
10 0
11 0
12 0.9
13 0.7697253068381064
14 0.1794871794871795
15 0.39692307692307693
16 0.42
17 0.7172085201793722
18 0.4234980787941754
19 0.6213458356315499
20 0.9867961658096871
21 0.5901767892785856
22 0.6016949152542372
23 0.745844729644435
24 0.9067015587666402
25 0.4377135194389161
26 0.9979455572675912
27 0.5909707016995099
28 0.6207043612937981
29 0.4420711703033603
30 0
31 0
32 0.5757803257803258
33 0.5023126734505088
34 0.4514066496163683
35 0.6799325205122306
36 0.5053509885724651
37 0.424629493163023
38 0.6236440522154808
39 0.7745587745587745
40 0.6130746744618656
41 0.4546708711076074
42 0.6520571827057182
43 0.8344203660845781
44 0.5181766907655233
45 0.7250113071008594
46 0.5276831023252291
47 0.45195599912581047
48 0.9148936170212766
49 0.8297326285145178
50 0.49542124542124544
51 0.5084684684684685
52 0.806224310041104
53 0.7862903225806451
54 0.5272727272727272
55 0.48478785148278697
56 0.5488833452126396
57 0.558974358974359
58 0.42218012774757957
59 0.012987012987012988
60 0.5809178743961353
61 0.42844854408023575
62 0.5159778612693411
63 0.36988320355951054
64 0.1111111111111111
65 0.6557228369308906
66 0.4181407837575044
67 0.4013416230366492
68 0.5132543640897755
69 0.47112219451371573
70 0.6046541827909514
71 0.7369989722507708
72 0.5356167783569123
73 0.6213724820757938
74 0.5851628895184136
75 0.459811320754717
76 0.494949494949495
77 0.4100097839993979
78 0.5372069317023446
79 0.43244359199765575
80 0.38461538461538464
81 0.8946624803767661
82 0.21428571428571427
83 0.5950102529049898
84 0.5292125021826436
85 0.6929988851727982
86 0.8621359223300971
87 0.43665158371040724
88 0.4870451981009559
89 0.8416052416052416
90 0.47012209672287625
91 0.5931103678929766
92 0.852907452907453
93 0.6904595984735358
94 0.4362999362999363
95 0.6671197913776841
96 0.4368737917702292
97 0.47446918161203877
98 0.6530375306024583
99 0.5001057631290502
100 0.671417349343508
101 0.48539034996893765
102 0.5072523829258185
103 0.4608685746110907
104 0.5723091266963638
105 0.7971014492753623
106 0.4530737986382277
107 0.543714692580943
108 0.5649520488230165
109 0.5862003481563538
110 0.8393818984547461
111 0.008333333333333333
112 0.3
113 0.5130139569973595
114 0.14285714285714285
115 0.4314511080505822
116 0.3507692307692308
117 0.895185664939551
118 0.5689711132749108
119 0.48290854572713643
120 0.564001421464108
121 0.7073072912488971
122 0.4628024179475367
123 0.5619047619047619
124 0.6951351351351351
125 0.6489151873767258
126 1.0
127 0.5835746249012899
128 0
129 0.6058302781006886
130 0.7123287671232876
131 0.6344988344988345
132 0.6583294735216921
133 0.7282487967419474
134 0.6296163820084056
135 0.5400951410125722
136 0.6103844516952759
137 0.5908505154639175
138 0.32090906092291455
139 0.7142076502732241
140 0.6209677419354839
141 0.8216715830875123
142 0.7766866703036915
143 0.6586149213783874
144 0.818531746031746
145 0.5988620199146515
146 0.47734956051386074
147 0.6739111930770322
148 0.5300855901707502
149 0.41586538461538464
150 0.5134063852813853
151 0.4974519974519975
152 0.6398510242085661
153 0.6768421052631579
154 0.789171364748431
155 0
156 0.6546760861207228
157 0.7790396136993651
158 0.47708132433301187
159 0.5823203820273497
160 0.742245601306004
161 0.4254341164453524
162 0.6657707509881423
163 0.6158757549611734
164 0.6473394876050202
165 0.08333333333333333
166 0.522636815920398
167 0.45002982022663374
168 0.07692307692307693
169 0.6422820335863814
170 0
171 0.707288691420713
172 0.5610098176718092
173 0.44047619047619047
174 0.6776906745059611
175 0.5726977289771744
176 0.5413839891451832
177 0.45975853199738953
178 0.8490889079124373
179 0.4628548806696075
180 0.43406883358894444
181 0
182 0.7616107382550336
183 0.34554500226142015
184 0.46274608360559605
185 0.6477295683598573
186 0.17647058823529413
187 0.6138918835669183
188 0.5990012484394507
189 0.4824179184344303
190 0.6297136703651712
191 0.48525252525252527
192 0.08333333333333333
193 0.7062279670975323
194 0.5660859465737514
195 0.6963497121135893
196 0.8100526008182349
197 0.6977374622041497
198 0.43361165544858143
199 0.624893683227881
200 0
201 0
202 0.6501177877008544
203 0.8202221972842554
204 0.4950730623330565
205 0.6948717948717948
206 0.47969742542254945
207 0.9873040055862375
208 0.3606746359922813
209 0.6043998087039694
210 0.5156817875891776
211 0.6540569780021637
212 0.5514371499306445
213 0.755224554276687
214 0.6610766392755324
215 0.36680235187697874
216 0.9381642512077295
217 0.5
218 0.5663563004345127
219 0.8536585365853658
220 0.6382235528942116
221 0
222 0.4763950524029837
223 1.0
224 0.5198962711258159
225 0.547673531655225
226 0.7603848192083487
227 0.4336027713625866
228 0.7495495495495496
229 0.7087697027398709
230 0.5392981232482144
231 0.26666666666666666
232 0.5998942638117896
233 0.45685882387038806
234 0.5070660522273426
235 0.5662901439645626
236 0.5858585858585859
237 0.5342656670511342
238 0.6277114427860696
239 0.4692346577696896
240 0.6394408340735892
241 0.8032937312856177
242 0.61401004493788
243 0.6800519428628509
244 0.7305860805860805
245 0.46313770617568084
246 0.7072697417525003
247 0.49994780248460174
248 0.5496711664935964
249 0.4884035992316247
250 0.4143598306398712
251 0.47319085507946174
252 0.5619649477586788
253 0.6973383519290227
254 0.40672268907563025
255 0.8376623376623377
256 0.8974358974358975
257 0.6615120274914089
258 0.5729463906259487
259 0.4666666666666667
260 0.6751086281812538
261 0.3974358974358974
262 0.8064591896652965
263 0.6993859435797666
264 0.3845350052246604
265 0.696379443160559
266 0.6812915683329758
267 0.5277602656243433
268 0.5920583772356061
269 0
270 0.44376144518683497
271 0.8817126269956459
272 0.4430012881064835
273 0.6423627134287033
274 0.654746835443038
275 0.4727108944467995
276 0.56484348125215
277 0.5325871877318823
278 0.45133508226059016
279 0.43353336970358247
280 0.6471833279062195
281 0.5375139977603584
282 0.5064195736434108
283 0.7171954266676762
284 0.5578663736723696
285 0.7414596273291926
286 0.532437275985663
287 0.4957137645914397
288 0.5186320261893154
289 0.6132915408726419
290 0.7548106765983861
291 0.7305102498877749
292 0.7123000262260687
293 0.6457051720209614
294 0.5876843328268836
295 0.2
296 0.6435856146001073
297 0.6056637168141593
298 0.48114235884020057
299 0
300 0.6592224979321754
301 0.9979455572675912
302 0.5410152857391002
303 0.8305194805194805
304 0.7818181818181819
305 0.5460819964349376
306 0.5893913778529163
307 0.4797637878308552
308 0.4175435570122477
309 0.5812467586349964
310 0.6314020701707219
311 0.6364251861882194
312 0.4606472188768455
313 0.6598449612403101
314 0.6156218905472637
315 0.13675213675213677
316 0.5942970073404856
317 0.7218156137647663
318 0.564179104477612
319 0.7308303778892015
320 0.473953488372093
321 0.9532019704433498
322 0.5333578701999755
323 0.5375767388517844
324 0.614860681114551
325 0.5762925598991173
326 0.42581567039771373
327 0.6609869004235202
328 0.8164865806901359
329 0.5889328063241107
330 0.8048675610595115
331 0.9905414841617469
332 0.6296656929568322
333 0.4711133233781317
334 0.647372810675563
335 0.46917724109701187
336 0.75
337 0.5656002150826724
338 0.06666666666666667
339 0.6625786163522013
340 0.543821870651139
341 0.6199226305609284
342 0.6360215637324071
343 0.6939983093829247
344 0.7533748701973001
345 0.4323607427055703
346 0.420899854862119
347 0.633996383363472
348 0.5794716872561184
349 0.42160038521307097
350 0.7858441068550461
351 0.7190664408055712
352 0
353 0.537759658318773
354 0.8841649578491684
355 0.5495356037151703
356 0.7072697417525003
357 0.35714285714285715
358 0.6311717264441676
359 0.644078238102572
360 0.6923076923076923
361 0.5525125628140704
362 0.3633749950085852
363 0.5431812782133524
364 0.6497248022015824
365 0.479901828739038
366 0.6615778587609573
367 0.6796504981218358
368 0.6048733361957922
369 0.48793735000631555
370 0.6191526428942101
371 0.6605582922824302
372 0.027777777777777776
373 0.4852807352807353
374 0.5058666085711618
375 0.74243849979836
376 0.8192898781134075
377 0.7170090187916629
378 0.6254485049833887
379 0.5018075980392157
380 0.653618341966647
381 0.7089983807541059
382 0.6469964256889197
383 0.491296518607443
384 0.8596864204092479
385 0.5691275167785235
386 0.6135895676046671
387 0.6590062111801243
388 0.6062111801242236
389 0.7816037735849056
390 0.0392156862745098
391 0.5788332038332038
392 0.9836065573770492
393 0.7541730868002054
394 0.8506787330316742
395 0.6849330972629379
396 0.5840085287846482
397 0.595352016404648
398 0.4550995530272247
399 0.6767309663591464
400 0.6449233716475096
401 0.6277777777777778
402 0.4114225277630883
403 0.47846543612015924
404 0.7586527293844367
405 0.5321894448155832
406 0.891156462585034
407 0.8400758533501896
408 0.6305747789311803
409 0.48034943917169975
410 0.897900408769974
411 0.7240740740740741
412 0.85994560994561
413 0.5434971838197644
414 0.8427102238354507
415 0.48927739190147584
416 0.7118955690384262
417 0.5493413546312623
418 0.5464504307824256
419 0.5604395604395604
420 0.8634152585765489
421 0.3783653846153846
422 0.6455660108354719
423 0.7375046279155868
424 0.499660210669385
425 0.4612859097127223
426 0.673224219946787
427 0
428 0.8451741293532339
429 0.5314834114990447
430 0.85604670558799
431 0.473953488372093
432 0.6779610194902549
433 0
434 0.991869918699187
435 0.6256467110125646
436 0.6666666666666666
437 0.584935064935065
438 0.5388424222147875
439 0.75
440 0.6099383322906426
441 0.7859848484848485
442 0.43845500848896435
443 0.13333333333333333
444 0.5817921489082448
445 0.6053815465580171
446 0
447 0.8037974683544303
448 0.5256686798964625
449 0.6929522669459823
450 0.4984597500726533
451 0.7383009763214006
452 0.6001457106429482
453 0.49745821246028454
454 0.5454545454545454
455 0.6448454055931909
456 0.35912624953720845
457 0.6445862802599045
458 0.5178699436763953
459 0.6228614339819772
460 0.4613870246085011
461 0.5943977591036415
462 0.8883693746347165
463 0.572625166571483
464 0.8429887501107273
465 0.5560210753507269
466 0.8421619293712317
467 0.5487260642506726
468 0.7613370733987844
469 0.44871794871794873
470 0.7073427309067957
471 0.6261310170104958
472 0.6428243021346469
473 0.9007686932215234
474 0.7448979591836735
475 0.963720073664825
476 0.723243698766567
477 0.4212121212121212
478 0.6815994076268049
479 0.6044350386455649
480 0.46656725788730186
481 0.6157407407407407
482 0.581081081081081
483 0.5295476603830328
484 0.7615384615384615
485 0.6806870548806032
486 0.9626009349766256
487 0.3
488 0.5176489637305699
489 0.8967765748031497
490 0.7556834030683403
491 0.565817224898899
492 0.39745309381237526
493 0.7035306334371755
494 0.5290465631929047
495 0.49165237278444823
496 0.8051282051282052
497 0.19436619718309858
498 0.8658280922431866
499 0.5340486807878112
500 0.8693602693602693
501 0.48717948717948717
502 0.4343609022556391
503 0.5280558083105854
504 0.7883141762452107
505 0.10714285714285714
506 0.5000944572486493
507 0.9008158007728639
508 0.7957459207459208
509 0
510 0.4450941635095811
511 0.474746205935755
512 0.6164726078519182
513 0.6772956177006322
514 0.9979455572675912
515 0.5675731284935359
516 0.4822572931611669
517 0.6216343882853094
518 0.5751042209484106
519 0.5100761857950357
520 0.41280569141840817
521 0.6108346394984326
522 0.8465761939293484
523 0.7171717171717171
524 0.5898042388970154
525 0.7489307100085543
526 0.6071773273668509
527 0.4493927125506073
528 0.6069306930693069
529 0.6708354761793445
530 0.9372549019607843
531 0.4543891600495374
532 0.6040100250626567
533 0.7652339804735719
534 0.7334881320949432
535 0.5358712685854069
536 0.839047619047619
537 0.5289844751459906
538 0.47290726817042605
539 0.692751214191102
540 0.4608421881149154
541 0.6357333107851012
542 0.3464052287581699
543 0.547228863290589
544 0.7245077759901938
545 0.5430101610359122
546 0.0380952380952381
547 0.544074283204718
548 0.8851275107199278
549 0.8475033738191633
550 0.6957350656686908
551 0.5287063953488372
552 0.4705776605944391
553 0.6417582417582418
554 0.7090660110173975
555 0.5374713906435961
556 0.7321110262286733
557 0.35708761671225125
558 0.6544485483192295
559 0.6040518581319768
560 0.48093824573656946
561 0.6389171355614308
562 0.5990127207138789
563 0.5603147634802825
564 0.4630725645844436
565 0.6176470588235294
566 0.5636477789985873
567 0.5858032378580323
568 0.5913957307060755
569 0.5169673539518901
570 0.5090590298071304
571 0.2827883045564736
572 0.6063020499679692
573 0.5435503066923006
574 0.15349330670577588
575 0.4419306184012066
576 0.6805138298974412
577 0.6170059448747973
578 0.7324929971988795
579 0.38191632928475033
580 0.6474849094567404
581 0.3900779974605478
582 0.7234848484848485
583 1.0
584 0.37464829377389797
585 0.038461538461538464
586 0.21428571428571427
587 0.48717948717948717
588 0.652953276520717
589 0.5616528305426575
590 0.7040378006872853
591 0.6523452518262207
592 0.9979455572675912
593 0.636794670846395
594 0.5293353208729886
595 0.49649453251713493
596 0.6011904761904762
597 0.5522021837811312
598 0
599 0.5935632183908046
600 0.6578088578088578
601 0.7309646856158484
602 0.7335544499723604
603 0.5262297901616787
604 0.5672913413152871
605 0.242512077294686
606 0.6947191247633074
607 0.2777777777777778
608 0.7702702702702703
609 0.556989247311828
610 0.9743589743589743
611 0.848780487804878
612 0.6051240857396525
613 0.7360336828973529
614 0.8058292282430214
615 0.874978466838932
616 0.9313725490196079
617 0.9446424328819197
618 0.48537340979500365
619 0.19230769230769232
620 0.698961937716263
621 0.9010590858416946
622 0.7961393762525931
623 0.5783929446349828
624 0.7069434148752162
625 0
626 0.7242919389978214
627 0.8447115384615385
628 0.5569727891156463
629 0.7731004627556352
630 0.8009899300221881
631 0.09090909090909091
632 0.7124230150363424
633 0.8331002331002331
634 0.7255139442231076
635 0.7037112353838333
636 0
637 0.5244912130762246
638 0.600130406433384
639 0.5240259740259741
640 0.5618320610687023
641 0.4888888888888889
642 0.9774691358024692
643 0.5854847963281699
644 0.7124302275654787
645 0.6959223821872486
646 0.4979757085020243
647 0.6453113916867641
648 0.7326030174262212
649 0
650 0.4749875311720698
651 0.6656641604010025
652 0.35739555035333376
653 0.4747252747252747
654 0.44751664106502814
655 1.0
656 0.5708981897843883
657 0.5768390783678521
658 0.7785152586393478
659 0.8196474444149172
660 0.26666666666666666
661 0.627416455742636
662 0
663 0.7386363636363636
664 0.6726448340104599
665 0.28112033195020747
666 0
667 0.6898707442764214
668 0.44960098219766725
669 0.7409988385598142
670 0.723202614379085
671 0.5674736188702669
672 0.630783004258614
673 0.5333333333333333
674 0.5467699987781676
675 0.701530612244898
676 0.7786163522012579
677 0.83
678 0.7966008540142899
679 0.6007163568139178
680 0.5216374269005848
681 0.34117116135758857
682 0.9198468985703028
683 0.25370409982174685
684 0.7914453452613922
685 0.14285714285714285
686 0.1341991341991342
687 0.672843992248062
688 0.3174962292609351
689 0.5796238244514107
690 0.5504348044006716
691 0.7315806556312885
692 0.6546938775510204
693 0.732373678025852
694 0.67687408133268
695 0.6224696356275303
696 0.9090909090909091
697 0
698 0.7500569605832764
699 0.16666666666666666
700 0
701 0.3
702 0.06666666666666667
703 0.3395322626091857
704 0.4658513909747551
705 0
706 0.709165929855585
707 0.7396827530582067
708 0.4957089183310263
709 0.598968008255934
710 0.49579092634121097
711 0.14077451311493866
712 0.6028654015332412
713 0.5890180878552972
714 0.7049700707418828
715 0.7197196046885773
716 0.5561292685159754
717 0.6070688707563523
718 0.7763085399449036
719 0.5789473684210527
720 0.7175983436853002
721 0.1411764705882353
722 0.45714285714285713
723 0.16666666666666666
724 0.17215845982969272
725 0.10799584631360332
726 0.2714285714285714
727 0.3484848484848485
728 0.39285714285714285
729 0.2777777777777778
730 0.28309178743961355
731 0.31868131868131866
732 0.3956043956043956
733 0.2857142857142857
734 0.33986928104575165
735 0.3619047619047619
736 0.20935960591133004
737 0.2
738 0.23684210526315788
739 0.1388888888888889
740 0
741 0.06713762428048142
742 0.26876876876876876
743 0.14021421616358326
744 0.3333333333333333
745 0.16779026217228465
746 0.5
747 0.1986062717770035
748 0.6
749 0.17575757575757575
750 0.16615384615384615
751 0
752 0.16339869281045752
753 0.16666666666666666
754 0
755 0.14354697102721686
756 0.04678362573099415
757 0.022222222222222223
758 0.1
759 0.5
760 0.3582089552238806
761 0.19473684210526315
762 0
763 0
764 0.20265151515151514
765 0.1872816212438854
766 0.22994652406417113
767 0.24489795918367346
768 0
769 0.5714285714285714
770 0.23809523809523808
771 0.6666666666666666
772 0.2545454545454545
773 0.09090909090909091
774 0.4666666666666667
775 1.0
776 0.14856711915535445
777 0.30844645550527905
778 0.1471861471861472
779 0.2727272727272727
780 0.028985507246376812
781 0.16666666666666666
782 0.09803921568627451
783 0.27705627705627706
784 0
785 0.1388888888888889
786 0.05434782608695652
787 0.05847953216374269
788 0.16666666666666666
789 0.2056451612903226
790 0.24836601307189543
791 0.41578947368421054
792 0.17582417582417584
793 0.07894736842105263
794 0.047619047619047616
795 0.4
796 0.053584764749813295
797 0.06769230769230769
798 0.21818181818181817
799 0
800 0
801 0.2545454545454545
802 0.04093567251461988
803 0
804 0
805 0.21794871794871795
806 1.0
807 0.16911764705882354
808 0.18719211822660098
809 0
810 0.5714285714285714
811 0
812 0.10256410256410256
813 0.42857142857142855
814 0.21428571428571427
815 0.16666666666666666
816 0.4666666666666667
817 0.3333333333333333
818 0.15970386039132733
819 0
820 0.21978021978021978
821 0.14285714285714285
822 0
823 0.3952380952380952
824 0.3492063492063492
825 0.08900900900900902
826 0.08333333333333333
827 0.06666666666666667
828 0.3333333333333333
829 0.22727272727272727
830 0.24761904761904763
831 0
832 0.10256410256410256
833 0.21637426900584794
834 0.30279955207166853
835 0.27683944865074744
836 0
837 0.19295659295659295
838 0.1
839 0.16304347826086957
840 0.22794117647058823
841 0.35130784708249496
842 0
843 0.3
844 0.2
845 0.10416666666666667
846 0
847 0.06769230769230769
848 0.1053763440860215
849 0.07586206896551724
850 0.19367588932806323
851 0
852 0.22077922077922077
853 0.1986562150055991
854 0
855 0.21212121212121213
856 0
857 0.1282051282051282
858 0.17142857142857143
859 0.38095238095238093
860 0.16666666666666666
861 0
862 0
863 0
864 0.04743083003952569
865 0.2867647058823529
866 0.3333333333333333
867 0.10534653465346534
868 0.08408408408408409
869 0
870 0.2222222222222222
871 0
872 0
873 0
874 0.16666666666666666
875 0.03197398726459829
876 0
877 0.0761904761904762
878 0
879 0.04875886524822695
880 0
881 0
882 0.0625
883 0.05555555555555555
884 0.23076923076923078
885 0.019871420222092345
886 0.027777777777777776
887 0.13033313851548803
888 0.346218487394958
889 0.038461538461538464
890 0.26666666666666666
891 0.025974025974025976
892 0
893 0
894 0.10476190476190476
895 0.0347985347985348
896 0.15555555555555556
897 0.23174603174603176
898 0.14285714285714285
899 0.16470588235294117
900 0.3956043956043956
901 0.15151515151515152
902 0.11688311688311688
903 0.3
904 0.07692307692307693
905 0.17647058823529413
906 0.16666666666666666
907 0.13513513513513514
908 0.14285714285714285
909 0.26666666666666666
910 0.15864621893178213
911 0
912 0
913 0.6
914 0.09523809523809523
915 0.6813186813186813
916 0.1822947000582411
917 0
918 0.2222222222222222
919 0.1356750084165638
920 0.2597701149425287
921 0.3611111111111111
922 0.2396825396825397
923 0.18947368421052632
924 0.2408675799086758
925 0.1951129211403184
926 0
927 0.17109929078014185
928 0.15481886534518113
929 0.2
930 0.24836601307189543
931 0.3333333333333333
932 0.140501968503937
933 0.15789473684210525
934 0.2857142857142857
935 0.29023569023569024
936 0.23492286115007013
937 0.17564102564102563
938 0.11695906432748537
939 0.019555555555555555
940 0.17370147043266687
941 0.259988029328146
942 0.3523809523809524
943 0.19230769230769232
944 0
945 0.3368421052631579
946 0.19964349376114082
947 0.36741466498103664
948 0.2955665024630542
949 0.1323529411764706
950 0.19696969696969696
951 0
952 0.07142857142857142
953 0.05555555555555555
954 0.33523710626514364
955 0.05
956 0.19696969696969696
957 0.1663003663003663
958 0.3333333333333333
959 0.06900283624421555
960 0.008526383526383526
961 0.014492753623188406
962 0.008627450980392156
963 0.04734848484848485
964 0.06666666666666667
965 0.09244203553146643
966 0.012477718360071301
967 0.021379102679915687
968 0.07051282051282051
969 0.034710269650028686
970 0.14735475494969166
971 0.016200294550810016
972 0.016917293233082706
973 0.08088235294117647
974 0.00855386260358193
975 0.007462686567164179
976 0.0915032679738562
977 0.010980392156862745
978 0.05027322404371585
979 0.02622950819672131
980 0.15384615384615385
981 0.13186813186813187
982 0.375
983 0.10256410256410256
984 0.17733990147783252
985 0.2692307692307692
986 0.3804347826086957
987 0.018893387314439947
988 0
989 0
990 0.13333333333333333
991 0
992 0.015351951657684142
993 0.07
994 0.05627705627705628
995 0.19117647058823528
996 0.24175824175824176
997 0.03896103896103896
998 0.011614401858304297
999 0.07692307692307693
