0 25 1
0 58 1
0 89 1
0 97 1
0 107 1
0 108 1
0 123 1
0 159 1
0 162 1
0 180 1
0 214 1
0 277 1
0 278 1
0 307 1
0 387 1
0 396 1
0 399 1
0 432 1
0 438 1
0 452 1
0 467 1
0 483 1
0 518 1
0 526 1
0 604 1
0 635 1
0 654 1
0 661 1
0 712 1
0 2642 3
0 2642 3
0 2642 3
0 2642 3
0 2642 3
0 2642 3
0 2642 3
0 2642 3
0 2642 3
0 2642 3
0 2642 3
0 2642 3
0 2642 3
0 2642 3
0 2642 3
0 2642 3
0 2642 3
0 2642 3
0 2642 3
3 46 1
3 77 1
3 103 1
3 122 1
3 245 1
3 270 1
3 281 1
3 375 1
3 451 1
3 492 1
3 494 1
3 499 1
3 526 1
3 547 1
3 566 1
3 567 1
3 637 1
3 650 1
3 680 1
3 709 1
3 2934 3
3 2934 3
3 2934 3
3 2934 3
3 2934 3
3 2934 3
3 2934 3
3 2934 3
3 2934 3
3 2934 3
3 2934 3
3 2934 3
3 2934 3
3 2934 3
3 2934 3
3 2934 3
3 2934 3
3 2934 3
3 2934 3
25 32 1
25 34 1
25 52 1
25 55 1
25 68 1
25 75 1
25 84 1
25 94 1
25 127 1
25 140 1
25 142 1
25 159 1
25 164 1
25 173 1
25 178 1
25 180 1
25 193 1
25 208 1
25 212 1
25 219 1
25 226 1
25 232 1
25 234 1
25 238 1
25 262 1
25 268 1
25 304 1
25 306 1
25 312 1
25 313 1
25 319 1
25 320 1
25 326 1
25 340 1
25 347 1
25 358 1
25 359 1
25 378 1
25 379 1
25 389 1
25 393 1
25 407 1
25 420 1
25 422 1
25 431 1
25 451 1
25 454 1
25 464 1
25 465 1
25 472 1
25 479 1
25 489 1
25 490 1
25 494 1
25 496 1
25 503 1
25 504 1
25 515 1
25 516 1
25 520 1
25 530 1
25 531 1
25 535 1
25 545 1
25 551 1
25 566 1
25 574 1
25 582 1
25 595 1
25 597 1
25 599 1
25 612 1
25 615 1
25 624 1
25 665 1
25 681 1
25 690 1
25 709 1
25 718 1
25 796 2
25 796 2
25 796 2
25 796 2
25 796 2
25 868 2
25 868 2
25 868 2
25 868 2
25 868 2
25 944 2
25 944 2
25 944 2
25 944 2
25 944 2
25 948 2
25 948 2
25 948 2
25 948 2
25 948 2
25 1042 2
25 1042 2
25 1042 2
25 1042 2
25 1042 2
25 1514 2
25 1514 2
25 1514 2
25 1514 2
25 1514 2
25 1922 2
25 1922 2
25 1922 2
25 1922 2
25 1922 2
25 2036 2
25 2036 2
25 2036 2
25 2036 2
25 2036 2
25 2037 2
25 2037 2
25 2037 2
25 2037 2
25 2037 2
25 2042 2
25 2042 2
25 2042 2
25 2042 2
25 2042 2
25 2045 2
25 2045 2
25 2045 2
25 2045 2
25 2045 2
25 2046 2
25 2046 2
25 2046 2
25 2046 2
25 2046 2
25 2651 3
25 2651 3
25 2651 3
25 2651 3
25 2651 3
25 2651 3
25 2651 3
25 2651 3
25 2651 3
25 2651 3
25 2651 3
25 2651 3
25 2651 3
25 2651 3
25 2651 3
25 2651 3
25 2651 3
25 2651 3
25 2651 3
25 2828 3
25 2828 3
25 2828 3
25 2828 3
25 2828 3
25 2828 3
25 2828 3
25 2828 3
25 2828 3
25 2828 3
25 2828 3
25 2828 3
25 2828 3
25 2828 3
25 2828 3
25 2828 3
25 2828 3
25 2828 3
25 2828 3
35 37 1
35 50 1
35 55 1
35 58 1
35 69 1
35 75 1
35 113 1
35 120 1
35 167 1
35 173 1
35 177 1
35 206 1
35 250 1
35 251 1
35 278 1
35 284 1
35 326 1
35 349 1
35 364 1
35 369 1
35 373 1
35 383 1
35 398 1
35 467 1
35 503 1
35 518 1
35 520 1
35 652 1
35 659 1
35 709 1
35 710 1
35 1540 2
35 1540 2
35 1540 2
35 1540 2
35 1540 2
16 41 1
32 41 1
34 41 1
37 41 1
40 41 1
41 42 1
41 44 1
41 60 1
41 62 1
41 70 1
41 72 1
41 84 1
41 86 1
41 91 1
41 92 1
41 97 1
41 100 1
41 122 1
41 123 1
41 144 1
41 162 1
41 163 1
41 164 1
41 167 1
41 175 1
41 180 1
41 184 1
41 187 1
41 190 1
41 199 1
41 216 1
41 225 1
41 232 1
41 235 1
41 242 1
41 245 1
41 270 1
41 276 1
41 284 1
41 286 1
41 288 1
41 290 1
41 297 1
41 333 1
41 334 1
41 340 1
41 348 1
41 370 1
41 378 1
41 395 1
41 419 1
41 428 1
41 429 1
41 430 1
41 450 1
41 451 1
41 467 1
41 474 1
41 510 1
41 516 1
41 518 1
41 530 1
41 536 1
41 538 1
41 548 1
41 558 1
41 577 1
41 582 1
41 584 1
41 647 1
41 652 1
41 674 1
41 680 1
41 709 1
41 714 1
41 720 1
41 760 2
41 760 2
41 760 2
41 760 2
41 760 2
41 834 2
41 834 2
41 834 2
41 834 2
41 834 2
41 936 2
41 936 2
41 936 2
41 936 2
41 936 2
41 1429 2
41 1429 2
41 1429 2
41 1429 2
41 1429 2
41 1449 2
41 1449 2
41 1449 2
41 1449 2
41 1449 2
41 1450 2
41 1450 2
41 1450 2
41 1450 2
41 1450 2
41 1451 2
41 1451 2
41 1451 2
41 1451 2
41 1451 2
41 1540 2
41 1540 2
41 1540 2
41 1540 2
41 1540 2
41 2226 2
41 2226 2
41 2226 2
41 2226 2
41 2226 2
41 2228 2
41 2228 2
41 2228 2
41 2228 2
41 2228 2
41 3021 3
41 3021 3
41 3021 3
41 3021 3
41 3021 3
41 3021 3
41 3021 3
41 3021 3
41 3021 3
41 3021 3
41 3021 3
41 3021 3
41 3021 3
41 3021 3
41 3021 3
41 3021 3
41 3021 3
41 3021 3
41 3021 3
41 3030 3
41 3030 3
41 3030 3
41 3030 3
41 3030 3
41 3030 3
41 3030 3
41 3030 3
41 3030 3
41 3030 3
41 3030 3
41 3030 3
41 3030 3
41 3030 3
41 3030 3
41 3030 3
41 3030 3
41 3030 3
41 3030 3
44 73 1
44 101 1
44 108 1
44 120 1
44 159 1
44 162 1
44 167 1
44 189 1
44 229 1
44 235 1
44 243 1
44 267 1
44 268 1
44 278 1
44 279 1
44 284 1
44 318 1
44 342 1
44 364 1
44 400 1
44 404 1
44 426 1
44 467 1
44 552 1
44 567 1
44 602 1
44 604 1
44 640 1
44 652 1
44 657 1
44 659 1
44 679 1
44 708 1
44 712 1
44 2694 3
44 2694 3
44 2694 3
44 2694 3
44 2694 3
44 2694 3
44 2694 3
44 2694 3
44 2694 3
44 2694 3
44 2694 3
44 2694 3
44 2694 3
44 2694 3
44 2694 3
44 2694 3
44 2694 3
44 2694 3
44 2694 3
44 2753 3
44 2753 3
44 2753 3
44 2753 3
44 2753 3
44 2753 3
44 2753 3
44 2753 3
44 2753 3
44 2753 3
44 2753 3
44 2753 3
44 2753 3
44 2753 3
44 2753 3
44 2753 3
44 2753 3
44 2753 3
44 2753 3
44 2761 3
44 2761 3
44 2761 3
44 2761 3
44 2761 3
44 2761 3
44 2761 3
44 2761 3
44 2761 3
44 2761 3
44 2761 3
44 2761 3
44 2761 3
44 2761 3
44 2761 3
44 2761 3
44 2761 3
44 2761 3
44 2761 3
44 2989 3
44 2989 3
44 2989 3
44 2989 3
44 2989 3
44 2989 3
44 2989 3
44 2989 3
44 2989 3
44 2989 3
44 2989 3
44 2989 3
44 2989 3
44 2989 3
44 2989 3
44 2989 3
44 2989 3
44 2989 3
44 2989 3
46 47 1
46 87 1
46 91 1
46 138 1
46 173 1
46 206 1
46 281 1
46 282 1
46 322 1
46 349 1
46 374 1
46 377 1
46 398 1
46 418 1
46 419 1
46 438 1
46 448 1
46 450 1
46 465 1
46 531 1
46 545 1
46 566 1
46 597 1
46 691 1
46 2615 3
46 2615 3
46 2615 3
46 2615 3
46 2615 3
46 2615 3
46 2615 3
46 2615 3
46 2615 3
46 2615 3
46 2615 3
46 2615 3
46 2615 3
46 2615 3
46 2615 3
46 2615 3
46 2615 3
46 2615 3
46 2615 3
17 55 1
22 55 1
32 55 1
49 55 1
52 55 1
55 61 1
55 63 1
55 69 1
55 73 1
55 74 1
55 75 1
55 94 1
55 95 1
55 96 1
55 102 1
55 104 1
55 109 1
55 115 1
55 136 1
55 156 1
55 166 1
55 183 1
55 190 1
55 202 1
55 204 1
55 212 1
55 216 1
55 230 1
55 236 1
55 237 1
55 245 1
55 250 1
55 273 1
55 276 1
55 277 1
55 278 1
55 283 1
55 286 1
55 294 1
55 323 1
55 326 1
55 341 1
55 355 1
55 370 1
55 383 1
55 384 1
55 398 1
55 408 1
55 417 1
55 429 1
55 472 1
55 474 1
55 482 1
55 503 1
55 512 1
55 516 1
55 532 1
55 533 1
55 538 1
55 548 1
55 564 1
55 565 1
55 567 1
55 604 1
55 611 1
55 620 1
55 621 1
55 624 1
55 632 1
55 638 1
55 650 1
55 669 1
55 671 1
55 672 1
55 696 1
55 711 1
55 718 1
55 2622 3
55 2622 3
55 2622 3
55 2622 3
55 2622 3
55 2622 3
55 2622 3
55 2622 3
55 2622 3
55 2622 3
55 2622 3
55 2622 3
55 2622 3
55 2622 3
55 2622 3
55 2622 3
55 2622 3
55 2622 3
55 2622 3
24 58 1
58 65 1
58 70 1
58 88 1
58 97 1
58 132 1
58 140 1
58 141 1
58 144 1
58 146 1
58 148 1
58 156 1
58 164 1
58 176 1
58 191 1
58 193 1
58 195 1
58 202 1
58 216 1
58 225 1
58 230 1
58 251 1
58 300 1
58 305 1
58 306 1
58 317 1
58 318 1
58 326 1
58 361 1
58 366 1
58 371 1
58 380 1
58 385 1
58 395 1
58 407 1
58 409 1
58 422 1
58 434 1
58 466 1
58 474 1
58 475 1
58 476 1
58 478 1
58 504 1
58 513 1
58 516 1
58 522 1
58 532 1
58 535 1
58 555 1
58 559 1
58 564 1
58 604 1
58 616 1
58 623 1
58 629 1
58 630 1
58 654 1
58 667 1
58 710 1
58 711 1
58 834 2
58 834 2
58 834 2
58 834 2
58 834 2
58 835 2
58 835 2
58 835 2
58 835 2
58 835 2
58 837 2
58 837 2
58 837 2
58 837 2
58 837 2
58 841 2
58 841 2
58 841 2
58 841 2
58 841 2
58 935 2
58 935 2
58 935 2
58 935 2
58 935 2
58 936 2
58 936 2
58 936 2
58 936 2
58 936 2
58 941 2
58 941 2
58 941 2
58 941 2
58 941 2
58 947 2
58 947 2
58 947 2
58 947 2
58 947 2
58 954 2
58 954 2
58 954 2
58 954 2
58 954 2
58 957 2
58 957 2
58 957 2
58 957 2
58 957 2
58 959 2
58 959 2
58 959 2
58 959 2
58 959 2
58 1014 2
58 1014 2
58 1014 2
58 1014 2
58 1014 2
58 1015 2
58 1015 2
58 1015 2
58 1015 2
58 1015 2
58 1016 2
58 1016 2
58 1016 2
58 1016 2
58 1016 2
58 1017 2
58 1017 2
58 1017 2
58 1017 2
58 1017 2
58 1018 2
58 1018 2
58 1018 2
58 1018 2
58 1018 2
58 1429 2
58 1429 2
58 1429 2
58 1429 2
58 1429 2
58 1444 2
58 1444 2
58 1444 2
58 1444 2
58 1444 2
58 1445 2
58 1445 2
58 1445 2
58 1445 2
58 1445 2
58 1446 2
58 1446 2
58 1446 2
58 1446 2
58 1446 2
58 1447 2
58 1447 2
58 1447 2
58 1447 2
58 1447 2
58 1449 2
58 1449 2
58 1449 2
58 1449 2
58 1449 2
58 1450 2
58 1450 2
58 1450 2
58 1450 2
58 1450 2
58 1451 2
58 1451 2
58 1451 2
58 1451 2
58 1451 2
58 1454 2
58 1454 2
58 1454 2
58 1454 2
58 1454 2
58 1455 2
58 1455 2
58 1455 2
58 1455 2
58 1455 2
58 1540 2
58 1540 2
58 1540 2
58 1540 2
58 1540 2
58 2228 2
58 2228 2
58 2228 2
58 2228 2
58 2228 2
58 2293 2
58 2293 2
58 2293 2
58 2293 2
58 2293 2
58 2752 3
58 2752 3
58 2752 3
58 2752 3
58 2752 3
58 2752 3
58 2752 3
58 2752 3
58 2752 3
58 2752 3
58 2752 3
58 2752 3
58 2752 3
58 2752 3
58 2752 3
58 2752 3
58 2752 3
58 2752 3
58 2752 3
65 102 1
65 120 1
65 125 1
65 289 1
65 307 1
65 349 1
65 437 1
65 467 1
65 471 1
65 520 1
65 529 1
65 556 1
65 604 1
65 663 1
65 712 1
65 2215 2
65 2215 2
65 2215 2
65 2215 2
65 2215 2
65 2676 3
65 2676 3
65 2676 3
65 2676 3
65 2676 3
65 2676 3
65 2676 3
65 2676 3
65 2676 3
65 2676 3
65 2676 3
65 2676 3
65 2676 3
65 2676 3
65 2676 3
65 2676 3
65 2676 3
65 2676 3
65 2676 3
17 69 1
29 69 1
32 69 1
34 69 1
63 69 1
69 77 1
69 83 1
69 90 1
69 93 1
69 95 1
69 101 1
69 115 1
69 118 1
69 129 1
69 134 1
69 141 1
69 150 1
69 158 1
69 185 1
69 211 1
69 226 1
69 230 1
69 232 1
