0 15 2
0 31 4
0 44 1
0 65 1
0 76 1
0 77 1
0 120 1
0 123 1
0 150 1
0 180 1
0 242 1
0 251 1
0 284 1
0 289 1
0 307 1
0 335 1
0 356 2
0 367 2
0 386 1
0 387 1
0 396 1
0 398 2
0 422 1
0 438 1
0 458 2
0 465 1
0 494 1
0 500 2
0 533 1
0 559 1
0 562 2
0 570 1
0 574 1
0 625 4
0 628 2
0 650 1
0 653 1
0 665 1
0 672 2
0 674 1
0 681 1
0 713 1
0 784 3
0 808 3
0 849 3
0 868 2
0 888 3
0 895 2
0 901 3
0 926 4
0 936 2
0 1033 3
0 1053 2
0 1250 4
0 1252 2
0 1303 3
0 1368 3
0 1371 2
0 1534 3
0 1616 3
0 1621 2
0 1782 4
0 1816 3
0 1842 4
0 1899 2
0 1912 3
0 1946 4
0 1955 4
0 1957 4
0 2047 3
0 2070 2
0 2123 3
0 2258 2
0 2283 3
0 2445 2
0 2490 3
0 2507 3
0 2718 3
0 2724 4
0 2793 3
0 2800 3
0 2892 3
0 2925 3
0 3019 2
0 3029 3
1 13 2
1 19 1
1 27 2
1 33 2
1 34 2
1 97 1
1 120 1
1 163 1
1 167 1
1 171 1
1 184 1
1 195 1
1 212 1
1 232 1
1 248 2
1 258 2
1 263 1
1 265 1
1 305 1
1 318 1
1 327 1
1 340 1
1 341 1
1 399 2
1 400 1
1 411 1
1 458 1
1 466 2
1 476 1
1 492 2
1 495 2
1 507 2
1 510 1
1 544 1
1 564 1
1 577 1
1 625 4
1 626 1
1 630 2
1 661 2
1 663 2
1 688 2
1 706 2
1 727 4
1 762 4
1 811 4
1 817 4
1 829 3
1 847 3
1 860 4
1 944 3
1 1020 4
1 1158 3
1 1162 4
1 1175 4
1 1183 4
1 1255 4
1 1272 4
1 1273 4
1 1289 4
1 1315 4
1 1369 4
1 1392 4
1 1404 2
1 1417 3
1 1434 4
1 1547 4
1 1569 4
1 1574 4
1 1661 3
1 1684 4
1 1748 4
1 1777 3
1 1788 4
1 1791 4
1 1795 4
1 1826 3
1 1834 3
1 1840 4
1 1845 4
1 1931 4
1 2008 3
1 2019 3
1 2051 3
1 2071 3
1 2091 4
1 2095 4
1 2099 3
1 2127 4
1 2184 3
1 2265 4
1 2367 4
1 2380 3
1 2406 4
1 2407 3
1 2456 3
1 2458 3
1 2496 4
1 2498 4
1 2564 4
1 2609 3
1 2765 3
1 2809 3
1 2950 3
1 2977 4
1 2988 4
1 3002 3
2 4 4
2 7 1
2 18 1
2 25 1
2 35 1
2 46 1
2 47 1
2 49 1
2 66 1
2 67 1
2 74 1
2 90 1
2 96 1
2 97 1
2 103 1
2 104 1
2 106 1
2 120 1
2 122 1
2 127 1
2 134 1
2 150 1
2 151 1
2 152 2
2 163 1
2 171 1
2 177 1
2 178 1
2 208 1
2 210 1
2 213 1
2 219 1
2 221 4
2 224 1
2 233 1
2 235 1
2 243 1
2 247 1
2 267 1
2 270 1
2 271 1
2 275 1
2 286 1
2 298 1
2 305 1
2 307 1
2 311 1
2 317 1
2 325 1
2 357 2
2 358 1
2 363 1
2 364 1
2 370 1
2 377 1
2 380 1
2 387 1
2 389 1
2 411 1
2 414 1
2 416 1
2 418 1
2 423 2
2 447 1
2 453 1
2 472 1
2 477 1
2 482 1
2 483 1
2 496 1
2 499 1
2 500 2
2 504 1
2 512 1
2 517 1
2 520 1
2 531 1
2 539 1
2 552 1
2 553 2
2 555 1
2 560 1
2 563 1
2 564 1
2 568 1
2 577 1
2 587 1
2 588 1
2 591 1
2 601 1
2 602 1
2 603 1
2 608 2
2 611 1
2 624 1
2 626 1
2 632 1
2 635 1
2 650 1
2 659 2
2 667 1
2 670 1
2 679 1
2 689 1
2 690 1
2 691 1
2 693 1
2 694 1
2 707 1
2 708 1
2 712 1
2 713 1
2 756 2
2 794 3
2 833 2
2 836 2
2 885 2
2 1071 2
2 1233 3
2 1264 3
2 1309 3
2 1376 2
2 1453 2
2 1511 2
2 1512 3
2 1517 3
2 1580 3
2 1667 2
2 1710 4
2 1731 4
2 1735 3
2 1899 2
2 2014 2
2 2082 3
2 2150 2
2 2212 3
2 2229 3
2 2239 2
2 2281 3
2 2379 2
2 2611 2
2 2664 3
2 2677 2
2 2722 2
2 2745 2
2 2866 2
2 2893 3
2 3041 3
3 0 1
3 2 1
3 18 1
3 29 1
3 46 1
3 56 1
3 58 1
3 63 2
3 95 1
3 106 1
3 122 1
3 128 4
3 189 1
3 210 1
3 242 1
3 245 1
3 257 1
3 276 1
3 289 1
3 294 1
3 306 1
3 322 1
3 355 1
3 380 1
3 419 1
3 481 2
3 483 1
3 507 2
3 518 1
3 520 2
3 524 1
3 538 1
3 568 1
3 584 2
3 637 1
3 646 2
3 650 1
3 651 1
3 652 1
3 657 1
3 665 1
3 671 1
3 674 1
3 680 1
3 681 1
3 689 1
3 739 2
3 748 3
3 783 2
3 787 2
3 793 3
3 811 4
3 818 2
3 985 2
3 1099 3
3 1126 2
3 1134 3
3 1169 4
3 1237 3
3 1271 4
3 1455 2
3 1680 3
3 1715 4
3 1948 3
3 1980 3
3 2085 4
3 2195 4
3 2336 3
3 2393 4
3 2454 2
3 2477 2
3 2483 4
3 2533 3
3 2592 3
3 2680 3
3 2717 4
3 2747 4
3 2766 4
3 2784 4
3 2787 4
3 2922 4
3 2976 4
3 2988 2
3 3020 3
4 0 4
4 35 4
4 54 4
4 57 4
4 63 4
4 67 4
4 80 4
4 89 4
4 90 4
4 91 4
4 113 4
4 120 4
4 122 4
4 125 4
4 138 4
4 152 4
4 156 4
4 163 4
4 200 4
4 206 4
4 209 4
4 216 4
4 232 4
4 257 4
4 277 4
4 278 4
4 286 4
4 288 4
4 289 4
4 368 4
4 371 4
4 376 4
4 395 4
4 408 4
4 415 4
4 418 4
4 420 4
4 432 4
4 440 4
4 477 4
4 485 4
4 517 4
4 540 4
4 558 4
4 560 4
4 573 4
4 615 4
4 632 4
4 653 4
4 654 4
4 674 4
4 693 4
4 709 4
4 713 4
4 728 4
4 730 4
4 767 4
4 779 4
4 821 4
4 848 4
4 868 4
4 877 4
4 881 4
4 896 4
4 936 4
4 939 4
4 943 4
4 965 4
4 970 4
4 1008 4
4 1032 4
4 1075 4
4 1077 4
4 1089 4
4 1108 4
4 1137 4
4 1138 4
4 1145 4
4 1171 4
4 1175 4
4 1182 4
4 1196 4
4 1199 4
4 1209 4
4 1217 4
4 1278 4
4 1283 4
4 1291 4
4 1298 4
4 1338 4
4 1341 4
4 1376 4
4 1383 4
4 1394 4
4 1415 4
4 1425 4
4 1443 4
4 1451 4
4 1479 4
4 1499 4
4 1516 4
4 1562 4
4 1577 4
4 1583 4
4 1585 4
4 1602 4
4 1608 4
4 1639 4
4 1654 4
4 1660 4
4 1674 4
4 1679 4
4 1692 4
4 1701 4
4 1704 4
4 1705 4
4 1720 4
4 1750 4
4 1751 4
4 1829 4
4 1860 4
4 1866 4
4 1891 4
4 1898 4
4 1914 4
4 1923 4
4 1938 4
4 1967 4
4 1976 4
4 1992 4
4 1997 4
4 2031 4
4 2034 4
4 2035 4
4 2040 4
4 2042 4
4 2049 4
4 2051 4
4 2065 4
4 2067 4
4 2074 4
4 2088 4
4 2094 4
4 2114 4
4 2120 4
4 2145 4
4 2155 4
4 2170 4
4 2171 4
4 2227 4
4 2254 4
4 2266 4
4 2272 4
4 2291 4
4 2309 4
4 2312 4
4 2328 4
4 2335 4
4 2343 4
4 2353 4
4 2359 4
4 2367 4
4 2396 4
4 2417 4
4 2423 4
4 2436 4
4 2471 4
4 2481 4
4 2491 4
4 2517 4
4 2533 4
4 2562 4
4 2564 4
4 2611 4
4 2660 4
4 2699 4
4 2752 4
4 2880 4
5 50 3
5 63 2
5 80 3
5 165 3
5 175 2
5 200 4
5 231 4
5 269 4
5 292 2
5 293 3
5 330 3
5 366 3
5 417 2
5 509 4
5 555 2
5 664 3
5 726 4
5 733 4
5 737 4
5 740 4
5 754 4
5 794 4
5 799 4
5 846 4
5 852 4
5 907 4
5 943 4
5 975 4
5 988 4
5 1090 4
5 1093 3
5 1095 4
5 1105 4
5 1115 4
5 1143 4
5 1168 4
5 1183 4
5 1223 4
5 1230 4
5 1283 4
5 1284 4
5 1287 4
5 1291 4
5 1334 4
5 1346 4
5 1370 4
5 1377 3
5 1380 4
5 1381 3
5 1385 4
5 1401 4
5 1402 4
5 1410 4
5 1443 4
5 1481 4
5 1499 4
5 1512 3
5 1571 4
5 1576 4
5 1635 3
5 1688 4
5 1701 4
5 1721 4
5 1730 4
5 1735 4
5 1755 4
5 1758 4
5 1785 4
5 1808 4
5 1809 4
5 1824 4
5 1825 4
5 1833 4
5 1834 4
5 1857 4
5 1864 4
5 1872 4
5 1874 4
5 1896 3
5 1901 4
5 1907 4
5 1908 4
5 1910 4
5 1962 4
5 2004 3
5 2018 4
5 2029 4
5 2050 4
5 2061 4
5 2069 4
5 2073 4
5 2090 4
5 2094 4
5 2095 4
5 2132 4
5 2181 4
5 2214 4
5 2218 4
5 2269 4
5 2304 4
5 2320 4
5 2345 3
5 2361 3
5 2367 4
5 2394 3
5 2411 4
5 2425 4
5 2430 4
5 2435 4
5 2496 4
5 2507 4
5 2510 4
5 2576 4
5 2618 4
5 2674 4
5 2691 3
5 2762 3
5 2867 3
5 2951 3
5 2957 4
5 3010 4
6 45 4
6 59 4
6 138 2
6 143 4
6 160 3
6 169 4
6 186 4
6 215 4
6 218 3
6 294 3
6 332 4
6 381 4
6 397 4
6 488 3
6 509 4
6 542 4
6 546 4
6 564 3
6 602 4
6 624 3
6 633 4
6 635 3
6 648 4
6 677 4
6 682 4
6 686 4
6 688 4
6 702 4
6 713 3
6 853 3
6 856 4
6 899 3
6 1000 4
6 1003 3
6 1023 4
6 1026 3
6 1079 3
6 1177 4
6 1226 4
6 1231 4
6 1241 3
6 1310 3
6 1344 3
6 1380 4
6 1392 3
6 1449 3
6 1603 4
6 1710 4
6 1721 4
6 1920 3
6 1988 2
6 1998 3
6 2093 3
6 2100 3
6 2165 4
6 2177 4
6 2211 2
6 2241 4
6 2343 3
6 2346 3
6 2424 3
6 2438 2
6 2565 3
6 2600 3
6 2618 4
6 2624 4
6 2649 3
6 2654 4
6 2673 4
6 2684 4
6 2701 3
6 2702 4
6 2706 4
6 2721 4
6 2739 4
6 2748 4
6 2763 4
6 2776 4
6 2806 4
6 2811 4
6 2832 4
6 2847 4
6 2905 4
6 2942 4
6 2949 4
6 2987 3
6 2989 4
7 25 1
7 27 1
7 62 1
7 79 2
7 132 2
7 200 4
7 265 2
7 272 2
7 289 2
7 355 2
7 362 2
7 378 2
7 394 3
7 411 2
7 455 2
7 459 2
7 498 2
7 510 2
7 583 2
7 635 2
7 665 2
7 670 2
7 740 4
7 746 4
7 753 4
7 789 3
7 892 4
7 900 4
7 912 4
7 920 3
7 1024 4
7 1066 3
7 1082 4
7 1177 4
7 1189 4
7 1232 4
7 1265 3
7 1271 4
7 1277 4
7 1289 4
7 1299 3
7 1369 4
7 1380 4
7 1461 3
7 1579 3
7 1605 3
7 1613 4
7 1648 4
7 1657 4
7 1693 4
7 1731 4
7 1748 4
7 1765 4
7 1767 4
7 1782 4
7 1793 4
7 1810 4
7 1850 3
7 1921 4
7 2063 3
7 2160 3
7 2245 4
7 2302 3
7 2423 4
7 2476 4
7 2477 3
7 2496 4
7 2508 3
7 2510 4
7 2515 3
7 2528 4
7 2538 4
7 2544 4
7 2578 4
7 2588 4
7 2626 4
7 2693 3
7 2736 4
7 2786 3
7 2793 4
7 2798 4
7 2802 4
7 2848 4
7 2948 4
7 2997 4
7 3024 4
8 246 4
8 332 4
8 362 4
8 437 4
8 516 4
8 585 4
8 598 4
8 665 4
8 671 4
8 728 4
8 762 4
8 784 4
8 802 4
8 803 4
8 804 4
8 833 4
8 837 4
8 851 4
8 855 4
8 885 4
8 897 4
8 900 4
8 907 4
8 924 4
8 927 4
8 966 4
8 976 4
8 997 4
8 1035 4
8 1057 4
8 1074 4
8 1076 4
8 1081 4
8 1085 4
8 1089 4
8 1091 4
8 1096 4
8 1104 4
8 1105 4
8 1130 4
8 1164 4
8 1178 4
8 1179 4
8 1187 4
8 1196 4
8 1212 4
8 1255 4
8 1303 4
8 1330 4
8 1357 4
8 1367 4
8 1375 4
8 1385 4
8 1390 4
8 1396 4
8 1407 4
8 1410 4
8 1420 4
8 1425 4
8 1427 4
8 1484 4
8 1551 4
8 1588 4
8 1589 4
8 1593 4
8 1605 4
8 1613 4
8 1639 4
8 1673 4
8 1676 4
8 1684 4
8 1686 4
8 1705 4
8 1708 4
8 1709 4
8 1716 4
8 1723 4
8 1754 4
8 1756 4
8 1787 4
8 1889 4
8 1898 4
8 1900 4
8 1907 4
8 1919 4
8 1938 4
8 1941 4
8 1962 4
8 1965 4
8 1968 4
8 1991 4
8 2007 4
8 2018 4
8 2052 4
8 2064 4
8 2080 4
8 2090 4
8 2105 4
8 2106 4
8 2108 4
8 2109 4
8 2110 4
8 2113 4
8 2119 4
