588 105 391 1754 1
258 249 108 936 1
253 177 286 2309 1
633 147 97 834 1
553 663 316 2228 1
392 110 244 1334 1
624 717 396 841 1
508 529 312 901 1
544 91 550 2377 1
501 161 638 919 1
456 239 379 1284 1
305 653 323 1078 1
123 553 363 2334 1
105 537 554 1540 1
192 279 481 1413 1
651 3 680 1929 1
273 629 506 834 1
587 2 72 899 1
708 180 572 1036 1
144 591 199 1014 1
542 61 680 1929 1
681 96 344 2481 1
74 503 694 1910 1
40 417 103 957 1
22 650 453 947 1
379 403 680 1929 1
39 151 717 2005 1
307 672 657 1449 1
516 674 120 1016 1
311 74 96 954 1
388 68 706 941 1
646 383 276 1634 1
262 503 531 957 1
448 452 65 2215 1
381 204 297 1446 1
325 531 103 957 1
500 437 206 2374 1
199 597 693 2508 1
234 249 565 1540 1
614 604 288 1448 1
89 635 27 901 1
404 511 451 835 1
593 521 661 837 1
558 564 638 2067 1
716 249 684 2228 1
589 391 263 1540 1
648 466 464 1450 1
538 131 237 954 1
617 428 395 1540 1
471 715 113 1461 1
461 75 384 2373 1
198 659 396 1429 1
704 289 334 1634 1
499 118 653 1110 1
219 55 125 2178 1
432 531 60 1014 1
222 209 206 2374 1
308 169 643 2373 1
371 645 42 1445 1
647 316 574 2466 1
600 597 291 2372 1
119 48 376 1216 1
473 243 189 965 1
254 377 91 1397 1
322 76 323 1078 1
452 554 657 947 1
45 379 267 1076 1
712 75 492 1208 1
91 513 595 1444 1
588 554 1540 1740 3
548 380 1450 1019 3
288 645 1514 2419 3
524 208 820 1573 3
37 156 1017 1212 3
261 115 1450 1019 3
280 52 2228 1973 3
624 632 1015 745 3
671 527 1514 2439 3
186 560 2228 2005 3
331 148 1641 1361 3
13 296 2478 2478 3
424 251 1014 899 3
425 124 837 1872 3
549 369 1958 1303 3
463 335 2374 2374 3
74 294 1754 1890 3
224 18 760 760 3
46 531 959 1333 3
434 25 1042 2354 3
307 159 2066 2067 3
466 34 899 1014 3
262 166 1449 1598 3
276 651 1444 1444 3
385 96 1014 721 3
381 693 2508 2508 3
529 167 2017 1437 3
339 19 1475 2074 3
518 319 1514 2114 3
302 344 1781 1968 3
464 415 1461 1127 3
89 297 1444 1571 3
216 369 1958 1973 3
377 354 1514 2058 3
211 351 2228 1997 3
153 70 2374 2374 3
640 310 2066 2066 3
172 38 2106 2106 3
675 425 2103 2103 3
12 298 1761 1126 3
228 554 1540 1706 3
292 106 2381 2156 3
380 177 1252 1441 3
706 212 2228 2432 3
557 668 1014 1146 3
704 480 2570 1739 3
95 144 1449 1606 3
517 232 2372 1528 3
275 495 1083 919 3
691 146 2107 2105 3
70 25 1042 1395 3
626 245 1540 1539 3
701 21 2227 2227 3
445 255 1127 1285 3
306 597 2695 2247 5
258 99 2804 2575 5
19 373 2628 2360 5
416 198 2821 1754 5
134 247 2952 1668 5
173 220 2837 1494 5
521 143 2752 752 5
710 292 2955 1445 5
17 61 3040 1136 5
671 492 3045 969 5
574 224 2810 1484 5
577 411 2768 975 5
513 538 2890 971 5
512 212 3030 1197 5
400 197 2850 2067 5
397 506 3030 993 5
27 573 2821 1218 5
543 226 2671 939 5
185 239 2952 1841 5
332 355 3014 1832 5
58 512 2955 2360 5
208 450 2818 1486 5
605 191 2615 1992 5
345 270 2952 1088 5
129 180 2752 1916 5
47 543 2632 1494 5
549 47 3002 1588 5
422 179 2893 965 5
595 106 2622 1468 5
374 169 2850 1514 5
271 448 2884 1646 5
642 230 2883 1031 5
40 237 2952 2363 5
384 348 2752 831 5
307 369 3025 1497 5
24 107 3030 987 5
121 557 2667 1468 5
243 302 2952 2186 5
139 99 2666 1180 5
515 204 2870 2120 5
502 55 2622 1727 5
282 510 3021 959 5
89 556 2835 1204 5
404 96 2792 1015 5
465 495 2615 2049 5
338 193 2915 794 5
356 332 2814 1142 5
127 251 2952 1667 5
581 234 2886 1408 5
137 656 2893 936 5
153 668 3021 1951 5
545 411 2768 1963 5
657 681 2765 2316 5
364 521 3021 2039 5
675 531 2773 1728 5
538 489 2817 1485 5
610 312 3021 1096 5
323 177 2692 2261 5
284 502 2952 992 5
380 674 2752 2519 5
630 265 2898 1257 5
161 341 2837 899 5
634 466 3042 1216 5
133 265 2768 1605 5
719 279 2866 966 5
193 302 2646 2215 5
112 361 2924 1572 5
596 96 2792 1202 5
57 58 2752 1065 5
32 323 2742 2316 5
314 443 2867 1909 5
159 998 159 998 7
238 2180 238 1600 7
337 841 212 1015 7
25 2046 25 2036 7
261 2343 224 2233 7
63 1532 270 947 7
103 957 674 837 7
349 1351 118 1351 7
487 1514 605 1514 7
260 1860 101 1754 7
29 957 704 965 7
532 2371 532 2373 7
58 959 307 935 7
345 1017 115 1540 7
251 2377 677 1751 7
329 2107 205 2105 7
476 1532 476 1532 7
694 1910 694 1910 7
22 849 512 2227 7
224 2233 261 2233 7
565 1540 156 1015 7
83 1514 349 1074 7
307 947 396 1015 7
388 1284 388 2059 7
319 1292 511 837 7
160 1514 300 1074 7
571 1208 665 919 7
52 1451 58 835 7
479 1284 479 2061 7
279 1083 279 964 7
387 760 268 954 7
678 1015 252 941 7
500 1638 500 1638 7
550 2377 270 1113 7
669 885 669 885 7
614 1216 347 1213 7
639 1820 663 1821 7
140 2377 550 2377 7
265 787 183 1074 7
356 1754 84 1754 7
127 941 62 1455 7
320 2373 431 2371 7
346 1604 16 1605 7
538 959 703 1449 7
245 2017 167 835 7
344 2481 344 2481 7
523 1351 605 1074 7
151 1514 71 1540 7
196 2500 196 2500 7
28 1754 356 1751 7
661 957 103 959 7
368 959 422 959 7
289 941 692 941 7
606 959 560 941 7
481 1413 17 780 7
330 1388 56 1430 7
699 2388 193 2311 7
459 1540 382 1445 7
718 1033 718 1033 7
32 1540 68 1444 7
84 1751 1754 2414 9
159 2066 2066 2066 9
212 1014 899 1303 9
34 1814 2409 1777 9
69 2377 2384 1968 9
36 1949 1222 1063 9
577 2067 940 1988 9
609 1388 1388 1036 9
142 1171 960 1528 9
349 1635 2431 1077 9
420 1665 1638 1477 9
281 1363 1963 2003 9
365 959 1435 1384 9
106 1449 1526 2266 9
552 2293 1528 2468 9
332 1449 1742 828 9
146 2372 2372 2372 9
130 837 1385 2441 9
247 959 1780 959 9
595 1444 1030 1444 9
71 1414 1027 2119 9
131 936 1496 2603 9
714 1065 1065 1065 9
431 2374 2374 2374 9
315 1450 1019 1450 9
485 1414 1414 1414 9
604 1429 2421 2426 9
324 994 1998 2072 9
388 861 2514 862 9
319 1514 1028 1918 9
409 1445 1724 1941 9
118 1351 730 730 9
584 2372 2372 1528 9
279 964 2215 964 9
448 1031 964 1810 9
560 1540 1968 789 9
556 1449 1742 1742 9
88 2155 1973 2560 9
667 959 1662 741 9
398 2371 2371 2371 9
211 1455 1303 1036 9
545 965 2252 2074 9
102 1429 1995 1239 9
506 1455 745 2436 9
206 2373 2373 2295 9
295 1514 2272 2272 9
23 835 835 970 9
538 957 941 2053 9
344 1781 1418 2095 9
689 2226 1979 1484 9
435 2066 2067 1067 9
255 1127 2248 1961 9
75 760 760 796 9
274 1014 1146 1897 9
408 1752 2125 1752 9
413 780 765 1442 9
665 1320 1320 1320 9
246 1751 1751 2432 9
418 2277 2271 1489 9
107 2280 1281 2280 9
495 1083 935 1083 9
159 998 2973 2441 11
238 1604 2871 2060 11
82 1172 2677 857 11
524 959 2991 960 11
63 957 3013 721 11
103 957 2999 899 11
577 2067 2964 1639 11
546 983 2686 1089 11
167 2238 2974 1466 11
715 2369 2824 1864 11
164 1572 2965 1720 11
512 849 3013 1357 11
685 1096 2952 2046 11
171 2066 2863 1109 11
511 2226 2925 2358 11
146 1605 3021 2377 11
174 2066 2677 1662 11
98 1751 2971 1357 11
474 1451 3014 2115 11
528 1445 2897 2590 11
531 957 3038 851 11
215 2103 2900 2109 11
184 947 2855 1639 11
628 835 3037 1720 11
336 834 2768 2258 11
714 2369 2915 988 11
197 1156 2615 1432 11
315 1067 3003 2492 11
468 1429 2966 963 11
659 1558 3013 1223 11
163 1754 2695 1637 11
363 1083 3030 1781 11
357 1608 2679 2316 11
65 2215 2622 1663 11
325 2066 2765 1594 11
149 2518 2974 1115 11
214 2277 2741 1408 11
62 1076 2752 2504 11
89 1540 2615 1741 11
417 2481 3021 2520 11
166 1540 2646 962 11
140 2508 2765 1594 11
430 1445 2792 974 11
391 1753 2812 1900 11
537 1949 2974 1494 11
111 1450 3021 1651 11
320 2372 2952 1860 11
700 1424 2933 1012 11
176 1016 2792 2316 11
482 1514 2699 857 11
347 1212 2971 2227 11
316 2228 3014 1638 11
689 2226 3029 2579 11
706 941 2907 1486 11
668 954 2852 1910 11
101 1860 2885 1916 11
161 2159 2952 1416 11
634 841 2692 957 11
274 837 2652 837 11
488 1860 2733 864 11
275 2287 2692 1303 11
661 959 2616 2305 11
86 947 2875 947 11
354 1514 2931 1409 11
342 2226 2768 936 11
341 2066 2619 1621 11
606 957 3013 2016 11
576 1881 2885 1031 11
187 885 2768 968 11
322 1604 2907 957 11
444 2508 2863 1520 11
452 1540 3015 1808 11
244 1334 2871 2206 11
91 1397 2863 1520 11
59 941 2900 1508 11
360 2713 362 2286 13
147 2930 664 1018 13
288 2887 273 1446 13
42 2792 93 2371 13
54 3001 54 1292 13
157 2979 686 1540 13
291 2883 122 959 13
99 2837 435 2066 13
63 2683 63 2228 13
637 2952 140 2358 13
281 2989 281 1161 13
412 2883 366 2374 13
401 2960 649 835 13
58 2752 359 941 13
130 2695 558 1388 13
682 3021 102 835 13
215 3036 603 2103 13
131 2991 137 941 13
165 2755 165 1986 13
267 2742 418 1074 13
379 2628 343 2374 13
427 2837 398 2372 13
324 2768 95 1754 13
319 2929 319 2441 13
409 2952 237 941 13
522 2872 361 1093 13
21 2938 21 2227 13
96 2887 288 954 13
563 2986 563 1314 13
343 3016 343 2373 13
302 2646 398 2371 13
417 2923 270 1449 13
667 2752 143 1449 13
437 2619 327 2372 13
206 2952 576 2570 13
472 2869 413 1293 13
648 2752 395 1388 13
530 2955 21 2228 13
362 2756 362 2286 13
706 2752 180 941 13
79 2970 79 1451 13
113 2725 113 902 13
285 2817 285 947 13
440 2970 440 954 13
274 2754 309 835 13
28 2768 229 2066 13
504 2718 504 1181 13
38 2742 418 2228 13
691 2944 527 1514 13
112 2980 522 1451 13
547 2883 185 941 13
371 2765 574 865 13
322 3030 506 760 13
540 2952 127 2227 13
210 2761 585 2568 13
258 2924 2313 2313 15
19 3044 1377 2466 15
147 2930 1291 2545 15
277 3019 1860 1430 15
143 2752 1278 1278 15
525 2768 2172 1076 15
624 2862 1356 1356 15
551 2719 959 2191 15
0 2642 786 786 15
389 2792 1134 1774 15
395 2752 1728 808 15
586 2753 1594 2491 15
192 2753 1122 1598 15
543 2989 875 1525 15
332 2814 837 1161 15
562 2872 1468 2316 15
247 2952 2375 1305 15
478 2870 1644 1591 15
528 2733 1474 1474 15
355 3014 2354 2221 15
41 3021 2244 2244 15
681 2801 1376 2354 15
431 2628 2266 1396 15
561 2752 1300 1061 15
40 2654 1972 2070 15
51 2811 960 1671 15
307 2790 1447 1438 15
24 3042 1220 1968 15
319 2929 2441 2573 15
243 2837 1005 1637 15
21 2970 1741 1036 15
515 2952 2343 990 15
358 2897 1370 1968 15
373 2952 1140 950 15
149 2901 1076 2145 15
563 2986 1770 1042 15
227 2923 971 956 15
31 3022 2343 1516 15
242 2835 2114 1021 15
356 2898 1257 1257 15
439 2632 972 956 15
405 2811 1468 2316 15
570 2615 890 1643 15
663 2863 1033 1149 15
128 2754 868 868 15
323 2742 2319 2286 15
362 2750 2316 2084 15
668 3021 1351 2431 15
79 2970 1507 1584 15
75 2924 2313 1991 15
196 2973 2330 1968 15
517 2726 1493 1494 15
3 2934 1473 1477 15
236 2934 1473 1477 15
467 2924 2313 2294 15
326 2897 1124 1368 15
60 2890 1015 2409 15
540 2952 1891 1673 15
510 3021 1754 1751 15
57 2733 1455 1913 15
2378 69 204 55 2
1429 604 513 212 2
2518 149 605 134 2
2067 310 66 64 2
1429 382 120 85 2
1014 150 79 369 2
1099 435 595 670 2
992 284 2 609 2
1014 552 540 519 2
1860 251 380 370 2
2017 245 239 575 2
919 638 171 13 2
1292 298 93 286 2
1019 590 612 171 2
1016 483 428 117 2
2226 342 451 552 2
2056 376 107 397 2
1461 415 240 263 2
2226 52 317 203 2
1015 162 453 58 2
1015 422 29 474 2
1351 691 61 138 2
1351 691 37 608 2
1949 375 63 345 2
2107 38 158 197 2
1540 650 232 694 2
1099 171 151 213 2
2059 123 275 46 2
1444 510 557 229 2
1397 91 476 466 2
2287 275 236 457 2
957 204 714 409 2
1664 424 148 522 2
2226 230 305 361 2
2066 159 234 310 2
1792 652 89 518 2
2178 533 35 497 2
1754 340 102 621 2
1016 214 712 464 2
954 538 634 629 2
1449 359 439 168 2
1514 267 402 640 2
1455 211 573 657 2
1540 79 333 23 2
2228 242 305 245 2
1540 97 42 292 2
1451 552 34 611 2
2227 396 520 92 2
835 668 537 113 2
2066 174 302 97 2
957 661 283 486 2
2227 18 571 304 2
1016 632 573 95 2
1451 483 17 93 2
2215 65 380 3 2
2067 411 698 413 2
957 545 579 239 2
951 640 602 1 2
1540 263 690 57 2
1049 683 1813 711 8
2378 459 1540 34 8
2480 319 1292 469 8
947 285 1447 115 8
2226 268 941 37 8
1860 294 1754 525 8
941 225 1016 157 8
2479 499 2479 438 8
2568 363 2371 442 8
2228 268 2226 470 8
2196 665 1039 281 8
2226 179 2226 512 8
1879 585 2568 192 8
1388 565 2178 651 8
947 252 1429 552 8
1208 315 1997 327 8
847 145 835 649 8
1638 372 2238 181 8
1450 502 1016 399 8
1017 674 834 478 8
1292 432 957 531 8
1413 260 1413 47 8
902 304 1808 628 8
1210 76 1210 76 8
1016 268 954 68 8
992 413 1019 590 8
2061 381 2061 394 8
2323 449 1514 87 8
1388 19 1441 646 8
1220 155 1220 155 8
1011 680 1011 680 8
1634 425 2103 276 8
1429 41 834 522 8
1450 156 2228 118 8
2236 385 2282 385 8
845 22 847 33 8
2196 208 1999 94 8
2568 99 780 563 8
992 284 992 302 8
1445 227 2230 227 8
1860 251 1014 417 8
1014 288 947 7 8
1017 166 947 526 8
1398 641 1397 641 8
2071 711 1577 558 8
1514 611 1514 295 8
835 177 1429 156 8
1821 639 1820 663 8
1074 645 1074 323 8
2226 461 2226 176 8
1022 413 992 284 8
1214 376 1213 347 8
1447 179 1450 380 8
760 59 941 706 8
1450 490 834 309 8
1016 60 1444 285 8
1351 136 951 619 8
1818 517 1818 517 8
1033 718 1033 222 8
2570 480 2570 480 8
2574 665 1832 665 8
2568 450 2568 505 8
1987 641 796 444 8
1454 573 835 452 8
935 237 954 152 8
1540 340 1752 246 8
2228 323 1076 418 8
947 57 2695 597 14
901 688 2690 688 14
1413 17 3002 416 14
992 535 2952 69 14
2037 25 2651 25 14
2152 256 2857 256 14
2371 93 2768 544 14
2056 142 3038 142 14
1540 506 3030 305 14
1351 136 2642 0 14
1446 406 2792 406 14
834 668 3021 566 14
1351 527 2731 527 14
885 669 2955 27 14
760 545 2870 532 14
1781 344 2661 293 14
1099 400 2850 458 14
1449 605 2757 605 14
2439 129 2628 129 14
2067 435 2850 197 14
2059 394 2908 394 14
1186 355 3014 276 14
936 108 2661 515 14
1635 151 2628 287 14
2045 25 2828 182 14
2067 229 2768 234 14
1014 664 2930 428 14
1210 102 2752 560 14
2224 679 2615 465 14
2579 449 2929 429 14
1514 295 2639 295 14
1635 151 2952 158 14
1447 198 2723 483 14
1444 595 2952 284 14
2228 184 2886 435 14
1605 637 2952 151 14
1351 308 2772 309 14
951 619 3039 619 14
1514 196 2973 196 14
1634 219 2946 219 14
1014 497 2832 488 14
1216 347 2803 354 14
802 489 2817 334 14
2226 169 2850 626 14
1634 32 2808 289 14
1451 454 3002 481 14
2231 505 2894 505 14
2339 699 2828 699 14
1444 424 2695 297 14
2372 93 2699 594 14
1418 1604 519 253 4
1141 2378 459 238 4
2600 1404 308 525 4
2300 1641 148 110 4
2203 1929 680 305 4
1418 1910 694 123 4
2125 1752 265 401 4
1418 1593 535 171 4
1913 1754 544 117 4
2373 2373 366 233 4
2313 1797 571 622 4
1015 1017 424 397 4
1818 1284 379 415 4
2409 1451 599 562 4
959 965 704 528 4
2150 992 302 612 4
1604 1605 637 353 4
1832 1818 517 40 4
2147 1449 561 468 4
1598 1449 106 485 4
2052 2067 324 448 4
1973 935 538 96 4
1891 2017 245 282 4
1418 981 63 465 4
1303 965 524 581 4
2419 1540 667 514 4
2372 2372 450 30 4
1496 1495 601 5 4
2452 2508 47 283 4
1913 1397 91 657 4
760 760 387 156 4
1030 1444 21 390 4
2125 1752 391 650 4
1843 1475 523 567 4
1664 2227 418 290 4
919 959 272 668 4
1536 1754 95 461 4
2377 2377 69 198 4
1493 1429 396 354 4
1418 2237 136 222 4
2480 2107 205 504 4
764 2227 361 686 4
2409 1451 440 66 4
1528 1915 499 254 4
1444 1445 406 162 4
2199 959 103 540 4
1361 1496 63 452 4
1253 2224 716 15 4
2289 1438 1540 35 10
2522 919 1604 597 10
1139 1444 1446 288 10
1017 1212 1017 664 10
2421 1726 935 115 10
2360 2409 1292 54 10
1958 1935 1944 369 10
1514 1977 941 328 10
1036 1977 1751 525 10
2374 2374 2374 291 10
2374 2374 2374 508 10
1557 1539 1540 651 10
1438 1436 2223 679 10
1451 1657 1451 312 10
2375 1305 941 293 10
1201 1973 1540 355 10
2374 2374 2374 697 10
1295 1214 1216 542 10
970 874 970 463 10
1740 1662 1210 76 10
2043 1658 2074 51 10
916 1528 2372 384 10
1246 2597 1156 243 10
1245 1026 2063 479 10
1451 2062 2215 65 10
1482 1657 1451 573 10
2289 1966 1007 149 10
1682 1706 1540 199 10
2008 1977 1514 282 10
2376 2376 1664 464 10
1305 941 957 204 10
1751 1751 1754 265 10
2567 1273 1577 558 10
1083 2311 1083 707 10
2346 1968 1413 472 10
760 760 760 156 10
2252 1538 1011 653 10
1441 1037 1514 346 10
2227 2227 1015 632 10
1102 1966 2490 700 10
1829 1829 1829 364 10
2272 2001 2371 675 10
746 2409 1514 482 10
2022 1977 1514 611 10
2122 1441 1540 351 10
781 1303 959 704 10
745 2008 2272 161 10
1526 1019 1450 440 10
2122 1973 1429 348 10
1181 2166 1181 504 10
2301 1876 1514 691 10
867 2067 2066 342 10
2370 2452 1918 600 10
907 1224 1018 60 10
2285 922 1974 660 10
1303 965 965 239 10
1398 1427 2258 712 10
2530 1576 2686 416 16
2555 1035 2752 370 16
1889 2358 2668 715 16
1263 2316 2960 401 16
2046 1860 2916 286 16
1998 2228 2628 50 16
1444 1446 3030 511 16
2252 979 2722 345 16
2252 970 2837 220 16
1493 1493 2837 184 16
2439 1485 2698 372 16
1376 1376 2910 628 16
2432 848 2905 422 16
1973 1408 2615 713 16
1525 2302 3021 120 16
1418 962 2642 136 16
1850 1495 2768 694 16
2315 2316 2713 213 16
2108 1771 2857 224 16
1770 1084 2908 394 16
1967 1935 3030 396 16
1036 1477 2768 229 16
2294 2313 2924 311 16
1585 2308 2951 457 16
1511 2313 2920 541 16
1224 1223 3038 298 16
2493 2316 2743 361 16
1505 1482 2837 2 16
2218 1074 2917 509 16
1771 1886 2615 191 16
1577 939 2975 264 16
1468 1468 2619 437 16
1973 1370 2733 558 16
2330 2313 2924 390 16
2419 1515 2768 340 16
1446 1444 2752 632 16
2593 1637 2695 538 16
1726 2150 2955 231 16
741 1376 2725 245 16
1991 1070 2701 351 16
1418 1209 2725 113 16
1418 975 2879 78 16
2246 2414 2991 408 16
2345 1474 2963 488 16
745 2367 2718 504 16
1639 1770 2817 334 16
1437 1870 2686 600 16
2008 1409 3036 603 16
1519 2303 2952 239 16
764 1594 2753 210 16
1508 945 2615 569 16
1377 2774 98 588 6
1663 2984 208 253 6
2579 2765 138 360 6
1935 2907 27 702 6
2354 2979 75 615 6
1214 3030 298 85 6
1825 3021 52 109 6
1915 3002 416 99 6
2233 2866 67 546 6
1100 2622 227 110 6
1404 2622 565 695 6
2221 2897 358 477 6
971 2923 106 715 6
1206 2695 597 406 6
1522 2622 127 453 6
796 2753 44 171 6
1474 2970 21 117 6
1830 2825 250 532 6
1641 2817 285 676 6
971 2952 409 531 6
1015 3030 214 554 6
1284 2615 716 251 6
922 2743 117 74 6
2313 2924 350 476 6
1397 2615 716 714 6
1605 2821 180 659 6
1172 2952 204 39 6
2155 2952 320 229 6
1376 2725 113 352 6
2387 2897 61 436 6
1409 2619 56 287 6
1703 3014 425 33 6
978 2742 323 2 6
2178 3045 492 638 6
829 2765 574 497 6
975 2984 160 140 6
1486 2818 450 30 6
2359 2713 226 567 6
1197 2958 429 362 6
920 2825 714 683 6
1400 2615 671 158 6
1520 2800 67 611 6
1629 2847 32 673 6
1282 2952 502 101 6
996 2695 57 75 6
2375 2887 520 304 6
936 2855 704 38 6
1355 3013 594 202 6
993 3038 77 462 6
1808 2952 122 687 6
971 2684 280 647 6
2313 2924 486 187 6
1357 2628 238 540 6
1771 2884 448 452 6
1449 2941 1449 258 12
2320 2987 1540 35 12
2282 2952 1604 597 12
2574 2704 1014 627 12
896 2974 1819 34 12
1651 2617 1016 633 12
1140 2955 1292 54 12
1229 3021 2067 367 12
2316 2971 1751 525 12
2316 2763 1084 535 12
1091 2952 2373 291 12
962 2955 1413 17 12
1567 2615 1451 237 12
1037 2952 2372 508 12
1495 2812 2371 250 12
2363 3035 1093 491 12
1084 2880 2508 477 12
1485 2993 1444 651 12
1197 2751 959 365 12
1351 3013 1452 273 12
1937 2615 1949 181 12
2316 2974 1212 542 12
2358 2809 1608 463 12
2118 2974 934 372 12
1457 2965 959 422 12
1168 2869 773 681 12
1254 2615 834 713 12
1042 2646 1076 51 12
1474 2677 2343 224 12
1808 2738 1016 485 12
1476 3014 1514 83 12
2408 3013 1634 177 12
1182 3015 2060 388 12
1212 2615 1451 541 12
895 2877 2226 52 12
1377 2991 2057 479 12
2458 3030 1604 16 12
2308 2815 2372 584 12
1202 2932 2309 492 12
1729 2680 1638 500 12
941 3013 1349 550 12
1636 2952 2373 343 12
2428 2752 1503 338 12
1595 2815 957 204 12
1334 3013 1820 639 12
2302 2716 885 175 12
2428 2665 760 545 12
1728 2893 1514 346 12
2354 2857 1430 56 12
977 3037 834 461 12
1351 2913 1495 435 12
1887 2871 2111 631 12
1265 3015 2479 499 12
2488 2615 1292 432 12
1070 2952 1181 504 12
1466 2768 1019 413 12
2614 2741 959 368 12
1371 2973 2254 496 12
1413 2869 2376 647 12
2197 2738 1093 481 12
2258 2660 1430 335 12
2117 2628 1210 297 12
2107 2768 941 152 12
885 2941 1015 510 12
721 2677 2372 450 12
971 2703 1540 32 12
2258 2988 1521 712 12
277 122 1486 796 0
2510 694 434 711 0
36 2720 477 2066 0
670 536 957 1968 0
1189 2064 3006 328 0
1288 1449 2814 178 0
226 1754 258 1754 0
2233 2882 20 546 0
349 1351 430 1351 0
1015 2227 140 513 0
1369 2373 675 477 0
310 1514 1438 1528 0
2424 812 780 260 0
283 203 3020 2313 0
1015 753 43 397 0
1416 2780 1121 399 0
2246 2981 570 312 0
312 2505 2814 885 0
835 1887 173 208 0
578 644 2628 1384 0
215 3036 272 2103 0
709 834 2768 2258 0
1099 390 210 213 0
1997 180 555 217 0
468 1429 1339 2608 0
2108 2189 2857 224 0
396 2318 198 1014 0
1214 171 2747 24 0
466 2993 2375 1653 0
311 2924 419 1429 0
1602 2425 614 177 0
1466 3037 1739 118 0
835 1897 77 279 0
118 3007 1860 1740 0
698 2409 353 2372 0
2428 2870 2373 343 0
1016 325 712 464 0
2563 2796 1860 667 0
102 246 1962 2125 0
1973 2093 2844 558 0
377 1455 745 2436 0
72 899 2643 935 0
295 531 164 2151 0
472 274 2635 1050 0
1808 3036 796 364 0
362 2756 468 2286 0
1314 3038 1446 92 0
706 941 2944 1486 0
421 2786 2149 1067 0
234 382 1840 2419 0
121 275 2041 1696 0
1805 2690 1450 60 0
665 650 12 1752 0
1771 2745 448 452 0
216 2965 1084 2306 0
594 532 1175 2373 0
