0 717 232 0.25966999999999996
0 442 597 0.08079999999999998
0 374 647 0.17988000000000004
0 428 209 0.08775999999999998
0 519 639 0.08335999999999999
0 18 527 0.05493999999999999
0 44 691 0.22359
0 669 552 0.041539999999999966
0 183 395 0.13972
0 650 680 0.028769999999999962
0 525 251 0.10234999999999994
0 706 4 0.036260000000000014
0 632 266 0.35285
0 526 93 0.27747
0 144 672 0.24776000000000004
0 13 649 0.15288000000000002
0 434 155 0.24222600000000002
0 124 343 0.024510000000000032
0 31 427 0.4457
0 464 693 0.17126999999999998
0 17 311 0.021170000000000022
0 369 119 0.15115
0 457 666 0.27244
0 526 28 0.08561000000000002
0 258 596 0.30723
0 92 458 0.36007
0 158 425 0.026599999999999957
0 600 392 0.022729999999999972
0 664 24 0.037239999999999995
0 264 299 0.14368000000000003
0 279 67 0.011629999999999974
0 605 306 0.00828000000000001
0 525 688 0.25749999999999995
0 618 692 0.00939000000000001
0 375 363 0.29774999999999996
0 677 531 0.08045999999999998
0 188 74 0.13842
0 199 37 0.043359999999999954
0 509 401 0.0751
0 58 238 0.11387999999999998
0 502 104 0.037309999999999954
0 185 266 0.31736
0 430 434 0.10660999999999998
0 714 332 0.05734
0 220 109 0.04409000000000002
0 121 314 0.16533
0 248 400 0.20217000000000002
0 634 450 0.06374999999999997
0 318 562 0.03233999999999998
0 384 711 0.015740000000000032
0 418 125 0.04341999999999996
0 498 434 0.08827999999999997
0 244 436 0.14144999999999996
0 75 707 0.18887
0 241 79 0.13194
0 53 48 0.220931
0 682 711 0.044020000000000004
0 182 202 0.14942
0 642 565 0.23656000000000005
0 397 674 0.18202999999999997
0 459 11 0.09996
0 193 523 0.26707000000000003
0 23 456 0.12212
0 316 473 0.15480000000000002
0 498 346 0.028310000000000002
0 587 72 0.023260000000000003
0 30 38 0.19873000000000002
0 480 512 0.132
0 607 53 0.27649000000000007
0 256 251 0.07425999999999999
1 115 91 0.17679999999999998
1 184 43 0.01938000000000001
1 222 659 0.10215000000000002
1 40 107 0.20597999999999997
1 582 205 0.25439
1 221 641 0.13790000000000008
1 677 417 0.09574000000000005
1 355 584 0.015579999999999983
1 616 435 0.25466
1 657 589 0.03593000000000002
1 426 269 0.03112999999999999
1 160 683 0.09683999999999998
1 568 594 0.33784
1 250 28 0.10126000000000002
1 75 486 0.004400000000000015
1 221 309 0.09973000000000004
1 299 418 0.1638
1 44 123 0.20370999999999995
1 399 64 0.27647
1 298 86 0.03394999999999998
1 364 590 0.04856000000000005
1 315 137 0.0016299999999999926
1 339 179 0.06014999999999998
1 338 142 0.2832100000000001
1 539 466 0.12907000000000002
1 338 147 0.18698000000000004
1 588 236 0.006849999999999967
1 0 706 0.21404
1 537 577 0.17501999999999998
1 59 291 0.06841999999999998
1 580 169 0.21705
1 383 159 0.053570000000000007
1 655 533 0.17710000000000004
1 63 720 0.0016100000000000003
1 698 260 0.09870000000000001
1 104 77 0.07894000000000001
1 441 631 0.03749999999999998
1 210 252 0.05557000000000001
1 451 135 0.12527000000000005
1 607 61 0.04365999999999998
1 302 211 0.38017
1 668 209 0.05769000000000002
1 79 454 0.1325
1 573 718 0.08018999999999998
1 392 512 0.25458000000000003
1 710 465 0.06228
1 76 720 0.12734999999999996
1 651 434 0.15421
1 4 140 0.1109
1 641 447 0.34158
1 632 522 0.11208999999999997
1 451 19 0.12603000000000003
1 102 181 0.25587
1 270 696 0.03314999999999996
1 320 606 0.11822000000000005
1 223 229 0.29351
1 343 178 0.014469999999999983
1 292 394 0.24216000000000004
1 608 107 0.23077
1 499 148 0.08328000000000002
1 692 695 0.09120999999999996
1 78 300 0.04519000000000001
1 328 674 0.07533000000000001
1 414 316 0.11776000000000003
1 108 566 0.19893999999999995
1 326 491 0.18959000000000004
1 2 168 0.36248
1 341 614 0.04791999999999996
1 140 530 0.08179
1 149 23 0.16268
2 592 51 0.20587
2 270 347 0.02633000000000002
2 673 28 0.049289999999999945
2 290 159 0.069
2 404 663 0.04779
2 49 40 0.022060000000000024
2 583 372 0.34075
2 492 552 0.08405999999999997
2 670 177 0.22204000000000002
2 117 178 0.09290999999999999
2 188 376 0.26566
2 617 645 0.09843000000000002
2 190 49 0.038329999999999975
2 159 280 0.12733999999999998
2 196 107 0.0016200000000000103
2 532 71 0.14673999999999998
2 284 43 0.38534
2 487 568 0.05764999999999998
2 270 231 0.07951999999999998
2 445 282 0.043889999999999985
2 402 176 0.15715999999999997
2 268 691 0.005879999999999996
2 329 229 0.08283000000000001
2 649 129 0.27658
2 414 396 0.23923
2 698 398 0.12150999999999998
2 236 719 0.02632000000000001
2 112 36 0.10360000000000003
2 89 63 0.24710000000000001
2 657 27 0.19759
2 340 129 0.19823000000000002
2 32 639 0.14286
2 370 584 0.013890000000000013
2 535 626 0.34103000000000006
2 125 143 0.0012099999999999889
2 525 354 0.13964
2 385 468 0.34722
2 537 192 0.06865000000000004
2 265 607 0.07517000000000001
2 582 156 0.11924999999999997
2 378 193 0.047089999999999965
2 375 663 0.15195999999999998
2 85 405 0.28437999999999997
2 92 233 0.14943
2 112 291 0.033330000000000026
2 422 662 0.15769
2 213 112 0.29488000000000003
2 221 135 0.11044999999999999
2 577 548 0.07879
2 191 314 0.30853
2 276 142 0.21724
2 591 329 0.25923
2 648 354 0.059079999999999966
2 154 121 0.04715999999999998
2 614 305 0.04696
2 587 234 0.23703
2 538 533 0.14318999999999998
2 245 626 0.19526000000000002
2 242 622 0.34357000000000004
2 5 555 0.03317000000000003
2 122 517 0.10976000000000002
2 250 493 0.26053000000000004
2 604 575 0.18456999999999998
2 161 386 0.26589999999999997
2 275 331 0.09301999999999999
2 566 266 0.296947
2 72 269 0.07330999999999999
2 45 607 0.08855000000000002
2 679 234 0.11868999999999999
2 632 158 0.08382
3 704 14 0.19167000000000003
3 558 178 0.07968000000000003
3 338 564 0.30608
3 552 674 0.060199999999999976
3 237 582 0.06743000000000005
3 666 56 0.06061
3 182 676 0.12852999999999998
3 407 169 0.12183
3 579 693 0.20664999999999994
3 191 626 0.24141000000000007
3 341 194 0.03264999999999996
3 586 305 0.27514
3 194 260 0.11853999999999998
3 407 376 0.12146000000000001
3 531 574 0.04025999999999996
3 520 486 0.06667000000000001
3 75 87 0.057130000000000014
3 213 173 0.13811
3 366 514 0.09517999999999999
3 274 373 0.15084999999999998
3 527 700 0.16623000000000002
3 391 177 0.16053999999999996
3 352 8 0.052080000000000015
3 601 681 0.13456
3 19 87 0.036030000000000006
3 371 269 0.13259000000000004
3 218 94 0.038839999999999986
3 678 528 0.13960000000000006
3 704 619 0.0
3 204 584 0.20328999999999997
3 103 503 0.04004999999999992
3 395 440 0.07767000000000002
3 666 88 0.16106
3 262 105 0.12995
3 164 163 0.04544999999999999
3 29 626 0.20580000000000004
3 246 411 0.07046999999999998
3 632 41 0.08831
3 287 594 0.39326
3 302 354 0.21105000000000002
3 650 528 0.07256000000000001
3 92 60 0.04178000000000004
3 389 255 0.057630000000000015
3 267 577 0.03650999999999999
3 7 107 0.07779999999999998
3 12 611 0.15894999999999998
3 113 250 0.027870000000000006
3 4 128 0.010889999999999955
3 690 324 0.09509000000000001
3 233 26 0.28461000000000003
3 427 638 0.07836000000000001
3 200 345 0.17738
3 144 276 0.10648999999999997
3 290 664 0.08337999999999995
3 496 291 0.11735999999999996
3 586 418 0.19685000000000002
3 519 610 0.12056
3 713 53 0.24274000000000007
3 341 256 0.011789999999999967
3 156 201 0.0019200000000000328
3 199 322 0.01699999999999996
3 469 362 0.02289000000000002
3 416 325 0.13716
3 666 318 0.03497
3 19 305 0.07358999999999999
3 650 66 0.032820000000000016
3 593 441 0.13108999999999998
3 498 23 0.050949999999999995
3 92 228 0.10200000000000004
3 708 11 0.18015000000000003
4 714 532 0.10107
4 247 134 0.03644999999999998
4 108 322 0.21741999999999997
4 80 475 0.20279
4 569 617 0.20897999999999997
4 82 708 0.04242000000000001
4 358 571 0.06547999999999998
4 431 74 0.12366000000000002
4 158 89 0.04647000000000001
4 427 674 0.12451000000000001
4 465 175 0.09860999999999998
4 581 544 0.09067000000000003
4 379 480 0.04725999999999997
4 193 595 0.09632999999999997
4 242 556 0.0826
4 404 314 0.20494999999999997
4 76 141 0.12073
4 293 380 0.10393000000000002
4 339 672 0.05956
4 324 470 0.08845999999999998
4 241 507 0.03869999999999996
4 465 614 0.11756
4 657 126 0.05672000000000005
4 402 258 0.01754
4 51 604 0.08334000000000003
4 106 318 0.05797000000000002
4 645 301 0.07052
4 165 542 0.040000000000000036
4 378 390 0.09885000000000002
4 159 158 0.06725999999999999
4 501 352 0.13726
4 498 219 0.05334
4 0 237 0.052070000000000005
4 51 610 0.24291000000000001
4 203 216 0.10219999999999999
4 394 512 0.14056000000000002
4 362 230 0.12789
4 103 504 0.05832999999999999
4 206 565 0.07156999999999997
4 171 500 0.014479999999999993
4 224 88 0.1421
4 319 323 0.09288999999999997
4 317 645 0.10832999999999998
4 424 691 0.09289
4 337 36 0.03571000000000002
4 134 713 0.017320000000000002
4 264 396 0.32014
4 608 36 0.11923
4 632 346 0.05972999999999998
4 657 119 0.04151000000000005
4 544 339 0.0038499999999999646
4 186 613 0.027639999999999998
4 399 261 0.022299999999999986
4 246 526 0.06786999999999999
4 94 512 0.15156000000000003
4 4 531 0.57353
4 259 223 0.08849000000000001
4 542 526 0.017719999999999958
4 568 527 0.15741
4 420 559 0.08522999999999997
4 578 130 0.09423000000000004
4 159 51 0.03406999999999999
4 32 715 0.12827
4 36 702 0.02940999999999999
4 4 246 0.60318
4 585 51 0.0006999999999999784
4 66 126 0.027690000000000048
4 285 490 0.11249
4 101 105 0.020250000000000018
4 327 520 0.041059999999999985
5 634 394 0.04958999999999997
5 57 101 0.06383000000000005
5 406 181 0.32555
5 303 201 0.01607000000000003
5 244 656 0.013580000000000036
5 34 286 0.12583999999999995
5 630 558 0.23084999999999994
5 201 454 0.03625999999999999
5 636 211 0.02456999999999998
5 224 704 0.09458
5 197 133 0.06652999999999998
5 382 10 0.05947000000000002
5 2 647 0.26859
5 504 316 0.06862999999999997
5 431 435 0.21166000000000001
5 157 88 0.03643999999999997
5 384 638 0.15402000000000002
5 362 9 0.22529000000000002
5 369 499 0.049709999999999976
5 429 709 0.12924999999999998
5 380 272 0.14288
5 479 197 0.05435000000000001
5 717 72 0.13777
5 573 657 0.06999999999999995
5 414 453 0.30645
5 241 719 0.14871999999999996
5 629 88 0.08471000000000001
5 273 90 0.01867000000000002
5 78 273 0.018389999999999962
5 599 28 0.09049000000000001
5 658 597 0.13209000000000004
5 610 342 0.14367000000000002
5 402 698 0.14085999999999999
5 448 179 0.24861999999999995
5 555 119 0.23318
5 135 200 0.15748
5 685 637 0.19355
5 684 322 0.27174
5 551 272 0.26947
5 468 513 0.254457
5 632 581 0.019320000000000004
5 384 8 0.09363000000000005
5 388 181 0.16125
5 144 71 0.12924999999999998
5 288 24 0.33336000000000005
5 99 48 0.354968
5 264 57 0.24312999999999996
5 430 158 0.03531000000000001
5 414 8 0.21739000000000003
5 87 19 0.07183999999999999
5 251 622 0.18923
5 86 63 0.16415
5 412 647 0.08248
5 693 77 0.0237
5 10 199 0.02753
5 686 596 0.20809000000000002
5 395 133 0.03982999999999998
5 160 320 0.16487000000000002
5 309 169 0.19687
5 238 530 0.0766
5 483 427 0.12444
5 276 447 0.421052
5 481 451 0.043300000000000005
5 274 420 0.05087999999999998
5 533 50 0.06423000000000001
5 499 277 0.07100000000000001
5 223 23 0.13474999999999998
5 439 480 0.14726000000000006
5 474 497 0.16832000000000008
5 82 66 0.10152999999999995
6 274 214 0.11362
6 8 625 0.34626999999999997
6 128 662 0.0
6 358 245 0.06158999999999998
6 681 137 0.06650999999999999
6 186 291 0.06794999999999995
6 407 47 0.0
6 10 20 0.22794999999999999
6 364 600 0.021779999999999966
6 54 158 0.12297000000000002
6 24 157 0.16534999999999997
6 537 115 0.054930000000000034
6 385 679 0.15863
6 222 279 0.04519000000000001
6 174 528 0.012709999999999999
6 370 102 0.057969999999999966
6 474 272 0.11392999999999998
6 32 94 0.02909999999999996
6 59 99 0.00610000000000005
6 72 7 0.02790999999999999
6 328 671 0.007009999999999961
6 537 521 0.054930000000000034
6 662 387 0.12629999999999997
6 428 125 0.19072999999999998
6 510 305 0.16140999999999997
6 453 453 0.0
6 378 707 0.10354
6 603 117 0.012609999999999982
6 523 137 0.08041999999999996
6 102 443 0.10752
6 284 324 0.26169
6 283 646 0.11077000000000001
6 466 401 0.06791000000000003
6 32 199 0.09431999999999996
6 502 406 0.09734999999999999
6 54 648 0.07018999999999997
6 578 350 0.15151
6 105 480 0.03125
6 122 324 0.20326
6 252 513 0.392529
6 187 395 0.015990000000000004
6 505 236 0.022330000000000017
6 492 169 0.06525999999999998
6 39 548 0.17437
6 420 693 0.23579999999999998
6 660 454 0.1336
6 119 688 0.056870000000000004
6 366 248 0.09312000000000004
6 90 518 0.33333
6 584 73 0.06581999999999999
6 317 30 0.03461000000000003
6 592 441 0.22233000000000003
6 84 663 0.17922000000000002
6 386 215 0.06385000000000002
6 428 21 0.24699
6 380 564 0.15796
6 397 702 0.21427
6 464 435 0.30686
6 292 315 0.28044
6 185 325 0.16061
6 562 690 0.16237000000000001
6 90 293 0.17619
6 655 326 0.17573000000000005
6 474 199 0.13337
6 651 235 0.05485000000000001
6 618 697 0.05600000000000002
6 7 361 0.16220000000000004
6 562 211 0.24793
6 709 523 0.06598000000000004
6 127 279 0.03653000000000001
7 330 16 0.07143
7 514 214 0.037610000000000005
7 497 274 0.07730000000000001
7 582 417 0.35282
7 481 620 0.0071400000000000075
7 267 693 0.08242000000000002
7 33 170 0.00632000000000002
7 431 312 0.090723
7 427 32 0.20812999999999998
7 463 102 0.33421
7 556 705 0.0005000000000000004
7 498 594 0.24657
7 90 120 0.173295
7 657 273 0.12393000000000004
7 537 686 0.10791999999999999
7 391 385 0.023529999999999995
7 444 105 0.204368
7 91 283 0.06353999999999999
7 260 233 0.20428
7 186 184 0.15700599999999998
7 535 650 0.06547
7 390 647 0.116923
7 317 418 0.048949999999999994
7 503 669 0.10841999999999999
7 463 570 0.15439000000000003
7 169 666 0.026139999999999997
7 503 313 0.18736799999999998
7 716 614 0.40242999999999995
7 464 623 0.005940000000000001
7 187 656 0.1663
7 397 692 0.11348
7 566 515 0.01065000000000002
7 394 676 0.20221
7 703 65 0.16517000000000004
7 160 145 0.21928000000000003
7 287 164 0.12265999999999999
7 369 604 0.027429999999999982
7 595 435 0.08928999999999998
7 118 52 0.0014800000000000368
7 653 588 0.11014000000000002
7 433 106 0.31048
7 455 583 0.002559999999999951
7 630 467 0.22538000000000002
7 40 196 0.13882099999999997
7 219 132 0.17749
7 285 532 0.03584000000000001
7 478 413 0.08778
7 69 141 0.06878999999999996
7 538 85 0.19187
7 535 224 0.05004999999999998
7 303 133 0.22200399999999998
7 100 495 0.1546
7 41 212 0.04457
7 680 565 0.13817000000000002
7 323 451 0.13571000000000003
7 589 514 0.05396999999999999
7 408 548 0.17307699999999998
7 239 45 0.038380000000000025
7 28 230 0.07061999999999999
7 149 704 0.10714000000000001
7 226 477 0.0016800000000000148
7 384 406 0.05117000000000002
7 28 496 0.04325999999999999
7 516 121 0.025709999999999983
7 26 614 0.07128999999999999
7 226 48 0.276318
7 71 150 0.08696899999999999
7 211 340 0.09386
7 533 387 0.25591299999999995
7 146 644 0.05271999999999999
8 501 576 0.09131999999999998
8 132 180 0.14006000000000002
8 45 233 0.17009000000000002
8 524 141 0.13036999999999999
8 83 311 0.06713
8 550 708 0.06323999999999996
8 50 155 0.1875
8 539 235 0.25
8 79 665 0.062329999999999997
8 189 95 0.11046
8 46 480 0.04776
8 146 110 0.15189
8 630 679 0.07786000000000001
8 408 205 0.002799999999999997
8 520 183 0.06959000000000001
8 67 516 0.022910000000000014
8 169 410 0.017890000000000017
8 330 669 0.010280000000000011
8 675 212 0.29786999999999997
8 108 179 0.10799000000000003
8 2 637 0.33535099999999995
8 680 704 0.12837000000000004
8 327 263 0.03567000000000001
8 289 157 0.091381
8 552 366 0.042419999999999985
8 349 694 0.02682000000000001
8 127 72 0.13817
8 606 53 0.10851
8 482 211 0.025129999999999986
8 411 560 0.12087999999999999
8 392 225 0.12963
8 35 590 0.03228
8 200 78 0.21969999999999998
8 34 270 0.04307
8 402 598 0.06731000000000004
8 480 265 0.04258000000000001
8 145 319 0.22843000000000002
8 176 408 0.09123999999999999
8 578 674 0.17040999999999998
8 526 174 0.06384000000000001
8 222 289 0.06795999999999999
8 8 348 0.87692
8 661 553 0.05787999999999999
8 96 105 0.22532000000000002
8 639 307 0.07397000000000001
8 55 589 0.12056999999999998
8 15 205 0.1277
8 519 132 0.10530999999999996
8 486 681 0.11321000000000003
8 692 169 0.05817999999999998
8 581 665 0.18969
8 474 72 0.03706000000000001
8 423 466 0.008569999999999967
8 582 696 0.08517999999999998
8 587 105 0.05369
8 174 434 0.121487
8 115 157 0.031681
8 469 334 0.01161000000000001
8 255 486 0.19019999999999998
8 499 185 0.17828
8 689 198 0.02362000000000003
8 416 435 0.12319999999999998
8 503 376 0.139297
8 152 686 0.17698
8 54 468 0.15453999999999998
8 30 717 0.22025999999999996
8 362 47 0.008620000000000017
8 679 511 0.0033899999999999764
8 567 382 0.055499999999999966
8 172 215 0.055269999999999986
9 534 70 0.16943999999999998
9 502 652 0.25027999999999995
9 247 149 0.0
9 684 433 0.099
9 597 291 0.13883
9 630 442 0.20865999999999998
9 214 468 0.023440000000000016
9 716 225 0.03265000000000001
9 355 280 0.153226
9 564 220 0.06769
9 389 229 0.08721999999999999
9 171 614 0.18043
9 697 410 0.05126999999999998
9 335 138 0.02284999999999998
9 388 518 0.318185
9 365 540 0.04175000000000001
9 286 510 0.16976
9 534 14 0.11743999999999999
9 255 252 0.12491999999999998
9 132 602 0.10227000000000003
9 409 579 0.07979999999999998
9 321 96 0.042659999999999976
9 171 523 0.16186
9 218 32 0.059370000000000006
9 195 468 0.14465000000000003
9 624 707 0.010239999999999999
9 177 419 0.03796999999999995
9 411 494 0.09649000000000002
9 578 636 0.013259999999999994
9 45 404 0.03806000000000004
9 289 69 0.027740000000000015
9 340 620 0.04766999999999999
9 113 316 0.04175000000000001
9 252 517 0.03271000000000002
9 340 648 0.010179999999999995
9 534 421 0.059679999999999955
9 664 497 0.19412999999999997
9 381 520 0.17956999999999998
9 425 389 0.014280000000000015
9 458 31 0.02260999999999999
9 77 621 0.18615000000000004
9 556 251 0.05299999999999999
9 91 156 0.15256
9 78 230 0.01258999999999999
9 98 337 0.013630000000000031
9 411 602 0.17054000000000002
9 73 700 0.216781
9 297 546 0.16376
9 138 244 0.05795
9 68 712 0.0728
9 112 612 0.04389000000000001
9 658 494 0.02632000000000001
9 100 233 0.05250999999999997
9 224 514 0.06794
9 135 568 0.04193999999999998
9 371 35 0.07216
9 516 702 0.026870000000000005
9 397 466 0.15965000000000001
9 528 341 0.1391
9 428 717 0.24289999999999998
9 713 256 0.10432000000000002
9 227 250 0.07547999999999999
9 73 214 0.09557000000000002
9 550 214 0.11440999999999998
9 335 705 0.05815999999999999
9 629 164 0.05494000000000002
9 5 32 0.10147
9 409 420 0.01306999999999997
9 511 346 0.13818
9 396 193 0.14935
10 417 93 0.12022
10 649 350 0.10323999999999997
10 495 645 0.10147999999999999
10 310 342 0.27333
10 372 430 0.0
10 429 414 0.12126999999999999
10 517 467 0.15882000000000002
10 624 295 0.005979999999999985
10 34 613 0.05556
10 581 193 0.11392999999999998
10 60 88 0.18842
10 685 430 0.25454
10 593 349 0.035109999999999975
10 517 129 0.15990000000000001
10 709 574 0.13752999999999999
10 468 278 0.02631
10 428 407 0.28942999999999997
10 298 270 0.04369999999999999
10 336 178 0.16937
10 545 166 0.09508999999999995
10 703 376 0.20478000000000002
10 417 18 0.058109999999999995
10 217 120 0.2832
10 78 21 0.045629999999999976
10 656 681 0.21232
10 18 500 0.18354
10 334 154 0.08974999999999997
10 584 418 0.03406000000000001
10 165 498 0.05858000000000002
10 400 243 0.05882000000000001
10 66 423 0.10927999999999999
10 484 327 0.27215
10 441 188 0.07552999999999999
10 385 75 0.19992
10 641 140 0.27059
10 222 298 0.016969999999999985
10 172 530 0.15904
10 534 51 0.08363999999999999
10 293 658 0.026880000000000015
10 495 648 0.009529999999999983
10 439 56 0.042859999999999954
10 394 346 0.12224000000000002
10 72 702 0.05436000000000002
10 362 612 0.16873
10 122 648 0.023809999999999998
10 98 216 0.08323
10 581 606 0.11717
10 634 497 0.023320000000000007
10 514 83 0.11666000000000001
10 511 38 0.12572999999999998
10 534 543 0.03932000000000002
10 680 383 0.09300999999999998
10 173 645 0.04894000000000001
10 326 607 0.019540000000000002
10 475 715 0.24043
10 354 202 0.11201999999999998
10 294 405 0.058219999999999994
10 241 458 0.12222000000000002
10 643 264 0.024480000000000002
10 628 620 0.09172000000000002
10 224 691 0.33225999999999994
10 336 418 0.12037
10 8 495 0.4139
10 310 425 0.09195
10 684 44 0.02839999999999998
10 165 373 0.23507
10 192 141 0.018380000000000007
10 375 307 0.044879999999999975
10 47 187 0.06348999999999996
10 328 705 0.22566999999999998
11 364 711 0.03415700000000001
11 20 545 0.25297000000000003
11 2 415 0.15646
11 108 293 0.010529999999999984
11 81 665 0.09492
11 83 187 0.030209999999999987
11 55 289 0.10907
11 324 446 0.11249999999999999
11 618 73 0.20095000000000002
11 428 75 0.44335
11 255 619 0.17778000000000002
11 62 384 0.01888999999999999
11 210 218 0.08460000000000001
11 630 584 0.08334
11 45 14 0.14979
11 460 194 0.008550000000000002
11 64 482 0.0
11 534 622 0.134133
11 356 186 0.07345000000000002
11 166 528 0.04167
11 611 32 0.02699
11 74 477 0.005099999999999993
11 131 451 0.26665999999999995
11 161 194 0.09920999999999999
11 113 716 0.09657999999999997
11 465 529 0.09807999999999999
11 679 520 0.05882999999999999
11 411 138 0.22047999999999998
11 613 442 0.04793800000000001
11 116 592 0.01482
11 505 24 0.005019999999999997
11 379 621 0.06936999999999999
11 495 669 0.04904
11 286 462 0.013469999999999982
11 195 482 0.04762000000000002
11 130 109 0.12382
11 535 74 0.047870000000000024
11 284 188 0.07262000000000002
11 88 633 0.053007
11 398 68 0.04063
11 656 23 0.05896000000000001
11 25 669 0.09231
11 82 662 0.13257999999999998
11 365 215 0.21428
11 66 575 0.21364000000000002
11 511 569 0.02532999999999999
11 337 450 0.03406000000000001
11 309 614 0.11030000000000001
11 703 376 0.229825
11 535 421 0.13394000000000003
11 289 178 0.0
11 719 605 0.12246000000000001
11 330 180 0.17910299999999998
11 600 197 0.033430000000000015
11 580 3 0.06090000000000001
11 76 490 0.21044999999999997
11 212 598 0.07894999999999999
11 211 148 0.04957
11 163 54 0.00244999999999998
11 66 698 0.06634000000000001
11 388 77 0.009860000000000008
11 351 648 0.04713999999999999
11 642 518 0.22856700000000002
11 449 68 0.01482
11 110 348 0.06041400000000001
11 11 284 0.76562
11 604 112 0.024771
11 316 84 0.026650000000000007
11 269 717 0.09081999999999998
11 361 162 0.1884
12 319 133 0.07143
12 405 58 0.11448000000000003
12 407 432 0.03156999999999999
12 505 184 0.12979000000000002
12 181 672 0.09778000000000003
12 233 334 0.03921000000000002
12 441 656 0.0
12 45 519 0.07576
12 556 588 0.0
12 352 406 0.007830000000000004
12 526 593 0.16240999999999997
12 231 590 0.04261999999999999
12 419 247 0.02894000000000002
12 85 415 0.04672000000000004
12 369 278 0.17618999999999999
12 8 318 0.22807
12 152 395 0.20964999999999998
12 484 445 0.037970000000000004
12 25 163 0.16054000000000002
12 483 79 0.10177000000000003
12 623 164 0.08173999999999998
12 605 22 0.03999999999999998
12 127 67 0.002840000000000009
12 441 142 0.0013700000000000379
12 181 293 0.07540000000000002
12 285 512 0.1311
12 282 295 0.02385000000000001
12 475 91 0.22637
12 449 339 0.07644000000000001
12 406 471 0.11943999999999999
12 652 345 0.18571000000000001
12 210 37 0.10774
12 455 16 0.21229
12 667 647 0.13352000000000003
12 429 2 0.08854000000000001
12 309 214 0.08717000000000003
12 667 112 0.15278000000000003
12 284 669 0.07691999999999999
12 24 74 0.09804000000000002
12 502 566 0.08706000000000003
12 306 397 0.09824999999999995
12 204 522 0.20983999999999997
12 0 317 0.03360999999999997
12 337 240 0.09000000000000002
12 656 347 0.019230000000000025
12 210 222 0.135
12 160 86 0.047650000000000026
12 54 651 0.024419999999999997
12 367 431 0.11653
12 472 155 0.315987
12 119 192 0.043289999999999995
12 409 580 0.12450999999999995
12 569 450 0.04411999999999999
12 162 318 0.006099999999999994
12 285 210 0.026519999999999988
12 58 393 0.09208
12 468 89 0.0034299999999999886
12 543 51 0.0010699999999999599
12 107 101 0.06259
12 302 79 0.32431000000000004
12 183 138 0.04999999999999999
12 224 534 0.14920999999999995
12 677 656 0.07404999999999995
12 402 393 0.0021800000000000153
12 58 497 0.007319999999999993
12 126 431 0.10255
12 482 163 0.033909999999999996
12 147 372 0.17585
12 666 16 0.23345000000000002
12 65 608 0.00497000000000003
13 284 326 0.061819999999999986
13 462 620 0.022430000000000005
13 203 47 0.16843000000000002
13 405 112 0.07111
13 34 459 0.13956000000000002
13 618 355 0.03433999999999998
13 46 647 0.11639
13 681 42 0.019199999999999995
13 249 296 0.36060000000000003
13 580 177 0.11386000000000002
13 509 209 0.23188999999999999
13 493 550 0.03362999999999999
13 349 225 0.0039899999999999936
13 525 605 0.16666999999999998
13 665 200 0.0031200000000000117
13 194 179 0.06291000000000002
13 320 691 0.15819
13 88 62 0.0
13 195 563 0.13200999999999996
13 291 396 0.04244999999999999
13 630 279 0.08228999999999997
13 20 187 0.06111
13 97 447 0.150305
13 154 640 0.15826
13 409 463 0.08768999999999999
13 677 385 0.06108000000000002
13 381 545 0.005549999999999999
13 490 296 0.10088999999999998
13 60 194 0.03778999999999999
13 165 501 0.09908
13 267 253 0.01471
13 385 23 0.25316
13 275 71 0.16128000000000003
13 262 77 0.20437
13 59 544 0.11826000000000003
13 8 441 0.22221999999999997
13 558 640 0.21389000000000002
13 503 33 0.22166999999999998
13 446 651 0.09933000000000003
13 127 606 0.10733000000000004
13 230 452 0.12379000000000001
13 268 601 0.06875999999999999
13 670 111 0.17983
13 384 181 0.16582000000000002
13 94 678 0.05501
13 56 88 0.14426
13 516 581 0.03214
13 378 75 0.22774999999999998
13 673 256 0.08000000000000007
13 80 509 0.16155000000000003
13 39 479 0.16793000000000002
13 589 74 0.034560000000000035
13 603 23 0.04244999999999999
13 423 529 0.27993
13 591 121 0.12213000000000002
13 285 68 0.09217999999999998
13 260 434 0.08092000000000002
13 547 614 0.03475
13 489 596 0.12178999999999998
13 220 346 0.19678
13 686 557 0.08572999999999997
13 143 672 0.16991000000000003
13 614 245 0.020679999999999976
13 239 378 0.08599999999999997
13 372 656 0.13130999999999998
13 59 241 0.14011
13 572 617 0.08828999999999998
13 106 652 0.06972
13 509 156 0.12595999999999996
13 490 500 0.09497999999999998
14 147 392 0.07707900000000001
14 394 252 0.19032000000000002
14 337 190 0.09608
14 222 650 0.0018900000000000028
14 378 191 0.03422999999999998
14 462 114 0.08635999999999999
14 352 271 0.06429000000000001
14 125 480 0.22155000000000002
14 90 303 0.08116000000000001
14 554 161 0.06818000000000002
14 100 499 0.14742999999999998
14 522 542 0.04071999999999998
14 432 578 0.13253
14 393 181 0.09847
14 145 714 0.14686
14 456 483 0.11280000000000001
14 687 198 0.11223999999999998
14 380 237 0.06044000000000002
14 421 302 0.04193999999999998
14 90 178 0.18426000000000003
