0 424 0.32143
0 532 0.53333
0 635 0.36458
0 329 0.35165
0 122 0.63918
0 205 0.21839
0 684 0.47778
0 28 0.44186
0 361 0.19277
0 3 0.65517
0 565 0.41861
0 110 0.42553
0 348 0.35106
0 48 0.058139
0 235 0.34021
0 669 0.47312
0 171 0.39286
0 422 0.45349
0 473 0.2069
0 304 0.37209
0 188 0.49474
0 309 0.46067
0 186 0.47
0 455 0.48837
0 542 0.49462
0 576 0.28736
0 292 0.53409
0 625 0.22989
0 33 0.37931
0 395 0.34343
0 167 0.34091
0 596 0.19277
0 177 0.33333
0 589 0.5055
0 323 0.35714
0 485 0.45161
0 451 0.37931
0 275 0.66304
0 369 0.46067
0 610 0.30682
0 519 0.4382
0 307 0.49474
0 530 0.22989
0 85 0.44318
0 54 0.55914
0 103 0.49398
0 156 0.32632
0 491 0.28713
0 86 0.41111
0 45 0.32558
0 618 0.40698
0 597 0.25882
0 514 0.34409
0 378 0.48889
0 316 0.3617
0 176 0.3617
0 168 0.20455
0 432 0.45783
0 703 0.52381
0 36 0.26882
0 208 0.43956
0 676 0.41818
0 311 0.37209
0 523 0.34831
0 595 0.48235
0 554 0.32184
0 214 0.41053
0 328 0.36145
0 39 0.5
0 162 0.51064
1 626 0.22857
1 261 0.62667
1 532 0.4898
1 307 0.47674
1 520 0.42667
1 336 0.37333
1 128 0.48148
1 277 0.2963
1 185 0.4359
1 715 0.43182
1 274 0.52564
1 569 0.5
1 312 0.17143
1 252 0.4625
1 405 0.26027
1 679 0.3253
1 648 0.525
1 538 0.53684
1 201 0.33824
1 262 0.38961
1 376 0.31325
1 319 0.30952
1 360 0.37037
1 357 0.23881
1 608 0.4359
1 264 0.6
1 371 0.49412
1 467 0.26829
1 147 0.39744
1 229 0.2
1 143 0.38372
1 497 0.38667
1 208 0.36471
1 404 0.33333
1 173 0.42857
1 547 0.39744
1 418 0.2987
1 682 0.36
1 353 0.43836
1 39 0.52055
1 434 0.28169
1 220 0.43158
1 8 0.39706
1 352 0.44737
1 287 0.40217
1 212 0.18987
1 314 0.1375
1 680 0.52703
1 175 0.2093
1 14 0.15
1 597 0.27778
1 281 0.5
1 610 0.28205
1 524 0.46753
1 623 0.57895
1 518 0.11842
1 617 0.39506
1 51 0.30556
1 292 0.53846
1 326 0.45333
1 464 0.44737
1 533 0.55263
1 429 0.45238
1 2 0.5443
1 475 0.25714
1 253 0.2625
1 448 0.50602
1 89 0.40659
1 386 0.41791
1 329 0.24138
2 552 0.32927
2 281 0.40741
2 155 0.033333
2 412 0.23377
2 74 0.4918
2 324 0.25806
2 332 0.34328
2 440 0.27536
2 295 0.46875
2 498 0.36905
2 196 0.26316
2 366 0.32954
2 647 0.29851
2 429 0.48649
2 713 0.51852
2 67 0.29231
2 188 0.49351
2 464 0.46269
2 78 0.37179
2 130 0.36364
2 434 0.1791
2 592 0.50746
2 435 0.16949
2 442 0.23656
2 7 0.36508
2 220 0.40909
2 421 0.44595
2 303 0.36066
2 302 0.54546
2 399 0.43284
2 273 0.39024
2 41 0.32467
2 512 0.20635
2 644 0.23944
2 258 0.37037
2 705 0.32394
2 619 0.37879
2 136 0.26471
2 63 0.2029
2 257 0.20968
2 200 0.34328
2 44 0.4878
2 65 0.4079
2 649 0.45714
2 408 0.42466
2 711 0.2027
2 307 0.38554
2 240 0.47887
2 450 0.32099
2 193 0.48148
2 1 0.5443
2 610 0.27536
2 375 0.41667
2 64 0.15
2 223 0.47143
2 276 0.43243
2 392 0.3662
2 177 0.30882
2 125 0.33871
2 129 0.18056
2 99 0.4507
2 571 0.44048
2 26 0.16667
2 388 0.45
2 690 0.40298
2 288 0.6076
2 574 0.52632
2 609 0.31818
2 284 0.61972
2 704 0.4
3 129 0.29578
3 372 0.32
3 224 0.55844
3 335 0.38889
3 664 0.43836
3 390 0.36709
3 70 0.36782
3 589 0.44444
3 333 0.41772
3 302 0.60294
3 208 0.46053
3 349 0.35366
3 406 0.44318
3 591 0.45333
3 564 0.275
3 288 0.63415
3 233 0.38461
3 487 0.37662
3 270 0.34177
3 153 0.44595
3 688 0.31343
3 89 0.39773
3 55 0.57143
3 50 0.3871
3 243 0.28049
3 364 0.52041
3 410 0.4
3 122 0.57954
3 708 0.44578
3 704 0.4
3 152 0.38806
3 497 0.33784
3 513 0.0
3 545 0.5
3 190 0.44872
3 388 0.36232
3 317 0.57143
3 475 0.25758
3 357 0.25806
3 240 0.4359
3 84 0.41026
3 500 0.17949
3 263 0.24675
3 403 0.25758
3 392 0.38667
3 567 0.4625
3 15 0.34848
3 20 0.29412
3 450 0.32558
3 525 0.48718
3 562 0.39437
3 205 0.17808
3 720 0.26582
3 420 0.47826
3 676 0.44681
3 82 0.61538
3 644 0.30137
3 682 0.4697
3 713 0.56627
3 587 0.41975
3 702 0.32895
3 526 0.4875
3 627 0.42105
3 100 0.41975
3 272 0.34783
3 191 0.50704
3 86 0.37179
3 374 0.48276
3 192 0.55172
3 83 0.32432
4 377 0.15217
4 149 0.43077
4 654 0.42105
4 332 0.23438
4 511 0.18841
4 14 0.18965
4 76 0.45
4 440 0.24194
4 490 0.20635
4 293 0.40244
4 260 0.32836
4 631 0.22034
4 304 0.19403
4 510 0.3625
4 535 0.32308
4 701 0.18571
4 151 0.21739
4 520 0.42373
4 634 0.24138
4 622 0.18919
4 235 0.27778
4 316 0.26761
4 396 0.15873
4 338 0.41429
4 415 0.28205
4 184 0.27273
4 423 0.34783
4 660 0.35938
4 367 0.26
4 251 0.34177
4 380 0.29851
4 598 0.42308
4 458 0.20408
4 521 0.19737
4 704 0.40323
4 23 0.20588
4 428 0.24561
4 209 0.33846
4 227 0.37288
4 564 0.16667
4 282 0.32857
4 516 0.39474
4 35 0.37179
4 143 0.23077
4 406 0.29762
4 276 0.30137
4 653 0.31507
4 117 0.3125
4 651 0.32836
4 136 0.19048
4 129 0.21312
4 5 0.44086
4 223 0.31429
4 709 0.30645
4 373 0.33766
4 684 0.26667
4 113 0.31746
4 661 0.39394
4 11 0.18868
4 139 0.5
4 39 0.41935
4 708 0.32467
4 567 0.39437
4 460 0.4
4 317 0.425
4 212 0.12698
4 638 0.30303
4 360 0.25714
4 45 0.38182
4 436 0.28
5 503 0.50495
5 646 0.21978
5 320 0.34513
5 586 0.56863
5 75 0.39175
5 302 0.48913
5 209 0.27885
5 101 0.26596
5 437 0.42708
5 301 0.35106
5 355 0.38947
5 391 0.55208
5 367 0.15957
5 600 0.38144
5 428 0.28571
5 57 0.32979
5 64 0.22115
5 490 0.2449
5 483 0.44444
5 74 0.35484
5 590 0.53125
5 273 0.46078
5 461 0.34737
5 138 0.34314
5 94 0.46078
5 296 0.125
5 430 0.38044
5 580 0.44681
5 352 0.38542
5 70 0.44118
5 181 0.16484
5 438 0.44643
5 190 0.48421
5 186 0.50485
5 334 0.5579
5 100 0.44444
5 468 0.27551
5 164 0.40594
5 216 0.36634
5 267 0.30435
5 195 0.53684
5 535 0.43478
5 682 0.34409
5 508 0.23364
5 383 0.38542
5 323 0.32609
5 63 0.2421
5 422 0.4
5 684 0.5
5 89 0.45192
5 118 0.34409
5 444 0.31313
5 598 0.42727
5 491 0.36634
5 617 0.37374
5 24 0.33674
5 76 0.4
5 499 0.41837
5 414 0.5
5 497 0.33684
5 107 0.24468
5 573 0.58
5 261 0.45
5 459 0.38235
5 206 0.40541
5 50 0.38938
5 381 0.43478
5 73 0.41304
5 289 0.38235
5 621 0.39796
6 239 0.4375
6 345 0.14516
6 22 0.23438
6 158 0.35
6 471 0.16923
6 691 0.30645
6 566 0.32836
6 497 0.25758
6 226 0.4321
6 573 0.425
6 483 0.45588
6 605 0.32394
6 624 0.34722
6 669 0.32895
6 61 0.45614
6 518 0.14286
6 523 0.27273
6 380 0.36923
6 362 0.35821
6 204 0.45714
6 299 0.37143
6 665 0.3
6 402 0.32432
6 592 0.48387
6 282 0.33803
6 490 0.18182
6 304 0.26154
6 96 0.47436
6 610 0.23438
6 199 0.26389
6 43 0.22807
6 682 0.35
6 366 0.36709
6 214 0.30667
6 565 0.28358
6 577 0.26667
6 415 0.29114
6 297 0.35385
6 699 0.37931
6 621 0.32857
6 401 0.25676
6 97 0.15385
6 572 0.34066
6 140 0.20732
6 585 0.43373
6 369 0.42424
6 340 0.30159
6 330 0.39063
6 558 0.375
6 659 0.29412
6 65 0.4
6 599 0.53125
6 6 1.0
6 221 0.41176
6 575 0.2807
6 596 0.18868
6 149 0.37681
6 23 0.33333
6 426 0.42105
6 672 0.17188
6 715 0.34615
6 184 0.21951
6 9 0.39623
6 293 0.3
6 432 0.28788
6 696 0.38983
6 348 0.31884
6 313 0.057692
6 287 0.30121
6 174 0.37209
7 585 0.3
7 548 0.076923
7 708 0.2027
7 583 0.25974
7 503 0.24
7 514 0.1746
7 31 0.30107
7 97 0.090909
7 485 0.15069
7 491 0.1791
7 364 0.18
7 386 0.15686
7 340 0.11667
7 265 0.2
7 609 0.16667
7 715 0.11111
7 411 0.28571
7 210 0.26761
7 235 0.38597
7 680 0.28333
7 465 0.16667
7 193 0.35211
7 86 0.10145
7 707 0.097222
7 326 0.23729
7 352 0.29825
7 252 0.17391
7 333 0.19118
7 372 0.13333
7 154 0.13846
7 62 0.29268
7 559 0.1579
7 500 0.17308
7 309 0.38597
7 211 0.21053
7 284 0.3
7 347 0.13433
7 586 0.29487
7 105 0.063492
7 28 0.23729
7 245 0.085714
7 663 0.14815
7 219 0.40476
7 642 0.34783
7 249 0.3253
7 157 0.083333
7 128 0.23529
7 135 0.42857
7 299 0.35
7 60 0.18182
7 599 0.33871
7 51 0.34884
7 425 0.2
7 248 0.2
7 572 0.24419
7 410 0.12121
7 84 0.29508
7 384 0.19403
7 266 0.08
7 362 0.52
7 506 0.19298
7 580 0.375
7 339 0.19355
7 429 0.45763
7 634 0.091954
7 230 0.16667
7 346 0.30769
7 705 0.22807
7 621 0.14706
7 20 0.32558
8 591 0.33929
8 284 0.39682
8 198 0.24561
8 695 0.29231
8 331 0.20635
8 206 0.18987
8 708 0.21127
8 354 0.30189
8 470 0.28205
8 122 0.28049
8 701 0.13559
8 164 0.23077
8 490 0.15385
8 316 0.19355
8 562 0.3
8 481 0.22785
8 254 0.19444
8 185 0.19672
8 134 0.22222
8 12 0.52632
8 9 0.6
8 83 0.23077
8 408 0.18462
8 553 0.32394
8 536 0.24
8 583 0.28767
8 630 0.28125
8 345 0.10417
8 549 0.36539
8 171 0.36956
8 188 0.22222
8 675 0.46808
8 641 0.53488
8 326 0.27273
8 656 0.28
8 142 0.078125
8 197 0.33333
8 703 0.27586
8 23 0.1579
8 322 0.30769
8 431 0.1519
8 349 0.22222
8 330 0.26786
8 237 0.25676
8 373 0.16
8 208 0.20313
8 688 0.22727
8 694 0.1954
8 297 0.22807
8 566 0.29091
8 124 0.26531
8 262 0.28302
8 700 0.090909
8 299 0.27869
8 125 0.24444
8 203 0.27119
8 437 0.47059
8 162 0.23944
8 399 0.38
8 500 0.11539
8 427 0.14754
8 81 0.21154
8 276 0.1791
8 314 0.18182
8 176 0.27586
8 144 0.28358
8 464 0.39216
8 328 0.25532
8 341 0.20482
8 173 0.24561
9 578 0.40909
9 403 0.16667
9 188 0.27536
9 189 0.29508
9 94 0.22535
9 117 0.30769
9 520 0.19298
9 304 0.16364
9 264 0.23611
9 235 0.22581
9 459 0.19697
9 591 0.27119
9 136 0.15686
9 97 0.26667
9 464 0.39216
9 597 0.29268
9 704 0.31482
9 135 0.24194
9 489 0.18
9 634 0.21053
9 535 0.42857
9 184 0.12329
9 452 0.30435
9 328 0.25532
9 342 0.1
9 609 0.2
9 385 0.29412
9 577 0.34884
9 292 0.30645
9 81 0.23529
9 381 0.37255
9 231 0.1875
9 422 0.39216
9 615 0.16949
9 617 0.1746
9 207 0.31667
9 350 0.2766
9 22 0.2449
9 28 0.32076
9 252 0.25806
9 503 0.26761
9 641 0.32
9 657 0.2027
9 539 0.32692
9 594 0.0
9 497 0.12069
9 192 0.24691
9 313 0.057143
9 324 0.30769
9 585 0.23171
9 364 0.2234
9 55 0.31818
9 562 0.32653
9 73 0.30769
9 84 0.31034
9 650 0.23171
9 440 0.2449
9 639 0.18033
9 682 0.36956
9 34 0.23656
9 202 0.25926
9 58 0.2
9 453 0.28947
9 527 0.25455
9 475 0.58064
9 107 0.375
9 310 0.36364
9 677 0.375
9 211 0.29412
9 219 0.14286
10 154 0.19403
10 585 0.30952
10 87 0.18333
10 379 0.22034
10 219 0.12069
10 313 0.045455
10 213 0.37975
10 439 0.32857
10 186 0.25926
10 425 0.24138
10 462 0.3871
10 533 0.46667
10 668 0.2
10 501 0.28378
10 234 0.30612
10 34 0.29167
10 427 0.19697
10 717 0.27711
10 262 0.2623
10 286 0.35385
10 241 0.27778
10 461 0.31579
10 422 0.42857
10 441 0.35185
10 384 0.22857
10 536 0.29114
10 475 0.48718
10 258 0.24
10 127 0.40909
10 507 0.46154
10 243 0.17647
10 681 0.13953
10 493 0.12346
10 371 0.4058
10 105 0.17742
10 643 0.40476
10 279 0.21818
10 309 0.26866
10 49 0.20896
10 44 0.36842
10 376 0.11268
10 605 0.16438
10 1 0.52941
10 486 0.29688
10 574 0.34247
10 198 0.29032
10 608 0.20588
10 713 0.32911
10 526 0.32394
10 690 0.31034
10 685 0.6
10 535 0.54902
10 100 0.25
10 191 0.46429
10 267 0.17544
10 22 0.14754
10 402 0.32836
10 24 0.27869
10 282 0.30303
10 431 0.21951
10 9 0.54762
10 314 0.17308
10 607 0.31944
10 0 0.41667
10 92 0.375
10 73 0.32759
10 705 0.13433
10 251 0.28571
10 633 0.21951
10 113 0.38182
11 489 0.11111
11 131 0.53333
11 518 0.057143
11 600 0.3125
11 434 0.04878
11 398 0.22581
11 255 0.4
11 13 0.33929
11 615 0.2
11 395 0.09375
11 566 0.26531
11 326 0.22
11 186 0.15069
11 517 0.16418
11 52 0.26531
11 547 0.41861
11 231 0.11667
11 642 0.28571
11 299 0.23214
11 327 0.14493
11 328 0.19048
11 545 0.35417
11 402 0.16393
11 651 0.33333
11 538 0.16667
11 612 0.096154
11 144 0.16667
11 614 0.13044
11 73 0.18
11 303 0.30556
11 16 0.085714
11 62 0.17143
11 669 0.13846
11 468 0.10204
11 599 0.24561
11 214 0.16393
11 44 0.21127
11 320 0.14085
11 141 0.13514
11 71 0.12121
11 99 0.19643
11 293 0.2
11 569 0.13793
11 521 0.13793
11 450 0.18333
11 512 0.17647
11 536 0.13514
11 292 0.24138
11 171 0.25581
11 530 0.22222
11 341 0.12346
11 180 0.086207
11 192 0.17949
11 533 0.25
11 405 0.22222
11 525 0.23729
11 184 0.089552
11 79 0.275
11 650 0.1358
11 7 0.35135
11 319 0.19231
11 589 0.1746
11 665 0.13235
11 514 0.29167
11 339 0.12727
11 683 0.14493
11 419 0.21739
11 189 0.2963
11 576 0.11364
11 96 0.18919
12 464 0.52083
12 383 0.37736
12 203 0.4
12 248 0.35088
12 338 0.39344
12 226 0.38889
12 77 0.23214
12 272 0.32609
12 646 0.30769
12 317 0.31579
12 40 0.30435
12 224 0.46667
12 337 0.34
12 70 0.24286
12 293 0.20238
12 24 0.39216
12 80 0.33333
12 435 0.25714
12 4 0.32143
12 580 0.40741
12 109 0.25
12 443 0.17647
12 71 0.26866
12 421 0.32258
12 571 0.33333
12 358 0.25424
12 164 0.30159
12 150 0.22807
12 148 0.2623
12 215 0.31372
12 373 0.21918
12 526 0.35938
12 135 0.21538
12 48 0.054054
12 411 0.40909
12 125 0.31818
12 133 0.23214
12 244 0.24675
12 423 0.31667
12 450 0.20588
12 277 0.17241
12 466 0.26471
12 690 0.25455
12 331 0.25806
12 118 0.27451
12 531 0.31746
12 505 0.36508
12 381 0.35849
12 363 0.22222
12 395 0.20896
12 3 0.46032
12 26 0.125
12 635 0.29508
12 55 0.30882
12 678 0.26191
12 58 0.29578
12 660 0.25862
12 85 0.2931
12 446 0.375
12 213 0.37838
12 232 0.23438
12 442 0.21622
12 280 0.27273
12 131 0.35714
12 693 0.22727
12 493 0.2
12 512 0.2439
12 47 0.24138
12 550 0.26415
12 434 0.28571
13 507 0.31944
13 96 0.5625
13 116 0.25301
13 580 0.45714
13 99 0.40541
13 278 0.28571
13 532 0.40625
13 388 0.29412
13 459 0.30488
13 347 0.38356
13 155 0.032787
13 622 0.26582
13 705 0.28378
13 466 0.4359
13 200 0.42188
13 588 0.3875
13 545 0.45714
13 413 0.39726
13 250 0.45205
13 218 0.39785
13 683 0.4321
13 386 0.42373
13 401 0.32051
13 198 0.35616
13 76 0.43478
13 249 0.51685
13 548 0.30137
13 635 0.36364
13 66 0.4058
13 91 0.1746
13 422 0.5
13 689 0.34286
13 29 0.4058
13 414 0.48611
13 661 0.57576
13 257 0.20635
13 618 0.37681
13 246 0.44927
13 695 0.4
13 582 0.46032
13 215 0.32857
13 239 0.54546
13 375 0.43056
13 557 0.30864
13 320 0.40476
13 319 0.33784
13 140 0.29762
13 424 0.41667
13 649 0.32051
13 293 0.35106
13 255 0.38806
13 623 0.55714
13 406 0.35955
13 503 0.475
13 395 0.27381
13 289 0.42667
13 56 0.34426
13 438 0.42222
13 592 0.45714
13 432 0.35714
13 35 0.35227
13 663 0.24286
13 321 0.47619
13 392 0.44118
13 645 0.31884
13 351 0.4026
13 121 0.32857
13 312 0.20339
13 167 0.27778
13 679 0.32
14 212 0.33333
14 247 0.34
14 638 0.11667
14 102 0.15385
14 162 0.14865
14 692 0.15686
14 83 0.41861
14 343 0.052632
14 406 0.18421
14 334 0.2029
14 550 0.24
14 490 0.23913
14 88 0.55882
14 414 0.1875
14 183 0.19048
14 361 0.2
14 512 0.24324
14 584 0.083333
14 118 0.42857
14 419 0.23288
